110605665
949309491614433281
1244820688348696578
1337422753742241793
228357397
1236579802254983170
926097669377814528
1327043067849818112
893821192053809153
970648976335646720
1276789019213328384
1023861535574122497
3251302440
124173658
1321213573457088512
1074831717347647488
1231754763424784386
1121201280083316736
1326527074354438145
1270722449072480260
1249346265294372865
174052252
854908409992302593
117733370
1236512006712086528
1558524848
1310226672403140608
3230463445
262599213
1152235605008322560
1313460001080373250
3283697796
3221061697
930834914114547713
947217494
1288125137955381252
2561096389
15228974
1314807098207682561
1275681590568464390
1320824877302059010
1254990055682093056
319522723
1290830119859138560
888855623479074816
1252403974163988480
1254774385308647425
81820404
1316951944838017024
984345965166342145
1282197226186403841
296336324
1182599773800423424
59423329
263039848
1078583617205395456
1309777681727107074
1319782172
790174873712599041
53653789
1170883081642754048
1312565601957675008
14506397
1297852667658514432
1020497810045612032
1163826836947648512
1181891256277843969
1211536324752068608
411179638
931312701497733120
1274734870724399104
1222699412553523200
1309369655564222466
2526316466
107049722
1023892650275946497
1307619057005281281
1255480383677837313
1304344039953592320
1292291563821793280
1259140924258390017
1173362451963736064
2516763361
1135819223412793344
1303964082882527232
1295204471174246402
1295659087246450689
1299113873471975424
702662378404519936
1005479142874275840
25268554
126796273
1300719455400374277
1045280408231759873
878593855435661312
54062071
1297335802175696897
6156742
1278879798467497989
1292763592186445824
994101173501116416
775029483283681281
3218927905
1239851164939649024
1231120176055083008
1290888327839637504
1279715970479558657
1021085265622781952
1285021980614221825
1213809930756452352
1119770373581500416
716220101683339264
1010768893688758272
1284302235019538432
1148102107884449792
2399912832
1245014353176215552
782919925807460352
1279204679616884736
1346212736
99907530
1038100285346869248
1172098957
150172488
1277616427688538112
1084440247675437056
859418135375380480
115370062
123814323
852430832962682881
1256958930
7737642
1068080822593380353
1246007584265400321
12689272
1147020289403834369
5315702
1172104103817695232
1133541585289863168
1280118693033160705
1273711707504775168
76046675
213961511
1025792795808690176
1068870858318331905
3017770203
3266855562
2807620818
3254810731
938375954149261312
1274997547996569602
2564379888
4730925236
105508003
82117385
1150690732799229953
308954572
988971314038767618
103502240
909372160463925249
1255742157488484353
1273965107484098560
76676058
1210922101806227457
966303419290939393
900927808112705537
1175690693500473344
99200107
1271100946429272064
999090675646844928
1179976526030204928
1236117591069872129
1145002226416361472
2678439397
1252892723071168512
1261864599713767425
590084194
3249458875
923195760937615360
45798291
1185940196547645440
276279966
1263330090005327874
1227180876003307520
219903490
1210962400159002624
4253201
54913223
1032599770211053568
732478937008197632
3189444732
62074829
8278772
2855063724
283950727
1177459254187319296
108176023
2275557673
273784113
28543412
3248442398
89908324
748455407526375424
4697472493
120958684
1071775129351254018
62495606
1691918222
550598883
322593303
72052717
1176057975481360390
221003201
857510991491325953
193285929
857482878287990784
1264948258633203717
94355673
1048448469524860930
1112972279250530304
289481084
1000406408670494720
1246320610134745088
2677000172
1210195838917459968
1254048020905160706
873817268
771555685079199745
128459241
136482986
62709676
73422752
1154700676552777728
866390832437272576
1253874698074521602
1259256631092629505
1097859813348790273
120768583
882582987484811264
1180618520310140928
140499937
93186884
1250734271683104768
1259798952599154689
3232300844
1252248220568154112
926233119627337728
22459702
1220175248349249536
788998748064010240
1149192917912707072
101277858
15594993
1210139346583470081
1190236461976547328
3149640163
4341021437
1620041683
537034016
215218345
114457581
1198542052788559874
1046599352808947713
226908483
187027342
150998919
314143568
1688018263
1021379148780978178
86358650
1250972762077720577
1013580733061844992
927718804586500096
2636463278
126229319
1252069621135335424
1138724990063243264
1173525651531255813
1227950911013605376
1180618654930460672
1076419343360057344
370086813
108463540
103304347
1213034999001174016
1146681015483564033
1233611131362529281
457336174
886996082
904693037137240065
1240824759882936321
1032141264198615040
1194153618082893824
1154927896063954944
1237735272718020610
936183668678082560
232080566
1235456568134524928
1098566869777145856
707132487558832128
775933927710089217
1214330924659142657
214366918
764818356083957760
3092088019
102405745
119382157
3023657474
38008878
1162744875927785481
1230076342563045376
1106762003652067329
1222427357341896704
810729523608027136
995301084817076224
1012304992521240577
1212385053696643072
592357685
4919220205
2986350949
307191567
1112565181991641089
1208996502481199104
1015753022
65048351
30216757
805054983401943040
72210274
3445907712
1129523164604538880
1212011845759852544
1106341151596908545
121792983
409551491
1113635873243840512
328267833
1167600595739365376
95141454
614887353
1432957956
1127258478479732736
744670851270795264
2650498308
790786394461380609
1140126084962254849
1217463449652842497
155567487
907980224423268352
1146247576540160000
1352330791
769856796546654208
909187539650539520
915840675681230849
961919801189793793
123407669
1028603062347128832
89059376
1024904021440512000
3075047581
2426952122
777728970913488896
79662644
97436100
95148247
3222687606
709030955042799616
73898578
221617304
1011929148753829890
1123221407758897152
1462086230
1158763475318890496
752145113409736704
25968350
1138692669289328640
1215285721180733442
2465901985
55255373
1212620138144358400
706305621339996160
1286014020
1147837255748186112
154498149
4767652765
257373493
3219967356
505077989
4173201
1180674958374002688
1143107118477824001
1132839644830134272
1146433335935164416
1183378654006394880
938801801221906433
352749597
999169035659952129
893124576103743491
1150546527422574593
1167980744796332032
1165975536335671299
1174691700414922754
266401857
840186589246496768
1191485105711149056
1084335192305614848
1115198183309598721
178736864
4905790092
1062199845845254145
709330266297241600
978061043925630978
1168437656268595200
1484862662
3844179733
755302736170590209
1189593326778929152
1064164063251324929
738926586842357760
1926894007
21854720
4767915536
1113332141335539718
1159268181967400961
586461754
1133440047263313920
1113370101548429312
1177545063707987968
2833726430
1127933367444332545
1174700824527802368
158624961
1120569975603748864
1090825550791200768
1182845355349536768
976860656791060480
19993953
120817930
1114943464460836869
979742269984063489
1150684288930598912
548369409
341334580
235074272
74374688
249545143
1169946566410375168
1169971824588754946
1111430633497092096
138400432
930763413948588033
1080824163827277825
1165638335169216513
1047867695964680192
712173
814099932093104133
77357430
444542673
569792778
14490709
4750506582
1102565534535581696
433432334
219210253
271995905
1058560424788934656
3857121
1117972277520285697
1021291285548679168
798836798172459008
3226088498
151505905
1152047157299437568
77366781
1046222931150303232
1519929578
3416171054
133569128
153329965
1023451117143830529
1143841195539361792
1027511374920835073
1148882814458191872
991571376304672769
458372881
121500875
148331157
333899363
1088217637417406464
779314435164745728
504341708
196901571
3582795140
884940670116405248
4884278772
736459067812515841
966712974185439232
596662260
1127752495151734784
1082276426823266304
2812374650
3086221201
103536734
6143922
268626095
961868132414451712
2839678736
3189724248
6589562
870857063575896065
321225901
80290077
117640411
45186476
207044262
1115636911668772864
852147199945433088
16128360
1099128123864449031
1068094615528497153
3020514991
1108012938382630914
769179659653173248
880314496253804544
938652688912343041
23181400
1088704300602220554
1035043296303755265
4004505912
268238754
104713392
