902510025146380288
123780757
1296396674718294016
3075124549
5437332
902551679316480002
1224113917074399232
1111631566906839042
955123389219262464
795065459439767552
1074114144658309120
949265406358728706
1096600118499762176
1116467737637732353
927161712146444288
832149594402205696
1022652959643951110
4875911809
1110789506901274624
987630816548212736
1085187405064286209
920268649910247424
1110872456372211712
904686582116085760
1056567725835730945
911197495568474112
1104202821824438272
1024212512122667009
1089360630996299776
817003229766520833
1089192039575506944
3090090794
990760797180579841
861566148474802176
146084827
774529727331569664
1069051824529764352
1027126399109218304
944461248170569729
1027805376014471168
847207826330013696
62746468
592508765
3067761366
342048654
2601890239
387061967
220987926
4664901
754753992
