1105021025610170373
70861174
4326771
87986951
1266373618637746176
1046558236806004736
1257642730953400323
1197764574440611842
811745714208325636
3304571
823897978792357888
12773942
876590614967603201
302936374
126365901
136990007
1223995933068644352
1298506272296169472
1291304471155208193
1323128749395595265
1081668789169582080
363676173
3852506686
1270593078982619136
1218839290106351618
1322501122716696576
15297734
1022071261
51695784
1117376664059531265
1272772017436061696
1251127581904007169
3126364786
1317134882326208514
1192217166935805952
1075601832246833152
1231727552076451840
129669308
1094149547306045440
1309025656752275457
5922642
1238797814311731201
377349848
1310580237084667906
1088593735615623168
40211521
1308398406671499264
1275472563682963461
1301799787184840705
983518551662182401
701288170361479168
1212614493290684416
34175061
1119997573975031808
1017932028002488320
1196656573835202560
169972919
177464230
2561096389
544214846
1247789072044589062
1298191493190967296
952871279123578880
795291700755210241
89952705
3055923732
93156690
3504866178
1296663647385657345
929388180557643777
1182508715263442944
1192077435518373888
1245230936142180352
71497936
1275358693647945728
272418540
570608302
225958156
1061167640473821184
829461816
1285751192644091904
48581327
143295717
1189221764028436480
1278332121891790848
47961133
365505691
1061838813150928899
1274971128180531204
1217019708534165504
487323275
5922492
935869703351713792
1229601400008495104
225829088
981382493348814850
112295028
149082861
73904707
140499937
1232094518431731712
1177580549054976000
1173061432784474112
1059578887481384960
100154909
2324912485
771256723721949184
953580984909250560
1112972279250530304
1266171928697430016
1059911
838021517820583936
1471832484
853778949729509376
1255857338482692097
1105112169543163904
1133328374540034049
995263186520522752
820237654012792832
845930552775475201
1160718071264235520
58722873
1188235912016064512
59047208
14598195
1258907530115207168
2549987664
1260803675452174338
427418103
75624333
577320698
82565871
88584227
4982771
1249371760232771585
1249724427060699136
735792552666791940
1202090331690426370
1239018113170952192
1154040000717004800
1248525884925120512
891877648040775680
1045468273985216512
43786128
729579897207689216
1051447310826106880
82618621
2350124653
2382910369
954547251723960320
2274077156
137840559
268594972
101365061
578080858
926319860119879680
1242302665989558273
1620041683
133816935
1191695150503776262
4307614818
1128276149199523840
1225810904589070336
264622157
960912969319108609
77357430
1053044238751944704
460066652
1651073478
70935090
6429632
3305649343
1115593143062122496
214126868
296749565
198113755
1082491182087733249
1225436213034635266
1125318924592041985
1143854664695177217
2620666416
92277460
1228964222119186432
137440517
230177449
1153516938510782464
1081293398156472320
708120282813235200
137359199
1182564290198265857
65857456
1233733707497754624
1232286737734352897
1123544789008281601
6024432
4185137712
842263281783910400
1034697958413881344
1227989206137360387
1104344887137165313
108028923
1226211137223561216
1146676869506326528
25252801
168399092
961919801189793793
234361760
986981778903764994
2959245630
103463409
769943554420375552
1040829166491361280
3720050292
1218983160547094528
1144201081376788481
1215385544806371328
268170936
942673754
1219095980521320448
1199709860297732096
1948958894
1220620655416053760
1089150179163365376
1191485105711149056
1139862951517491202
58117654
1195206167733030913
1214177179539398661
1086935212993306624
322638215
1241590339
1119623215939084288
1207571893319950336
1000043207386808320
186365055
53689412
953812187679637504
1092635958103527424
935333882920017921
4803153560
1147207710514896896
1139194064752979968
2615845178
1050563509665198080
1206222049145806848
1190236461976547328
1107556940446482432
2229045337
178638111
1032283529273470976
1202870259889295360
868391040
1042765823608156162
1200577063364612097
1141594268684804098
2252928541
1101023603003285504
144789749
18407499
1145599984529657856
1190025190891294720
1013557818173997056
246186547
1191583820815814656
1145683086157291520
163328237
2350260462
3610501
1126480624112418816
13193982
431787285
525865633
1177502482273955840
1106027591020888064
177069913
1069213195724701696
961860598047768576
8377162
1060799444
860317307813232645
1174967387931607041
2275557673
1010768893688758272
1116714311286575106
312909289
298937654
1146193434925027332
802905488891387904
1111888591846674433
1137788861340442626
3048656736
1062199845845254145
1164139779887288320
86250469
1006893751116034048
1017710584748335104
1409685186
1110010994120486912
630147731
1149509355902865409
323058860
3856128433
1057600757459910656
988948986772901889
886517393500938241
1104203732911177729
16589736
2854510008
2591291610
1042975258326654976
97491957
165722078
3279401792
962684625012146176
84879395
732448036085882880
882028968542482432
1146757396213014528
369255401
938699571038846976
1137971748542996481
1098730726780891136
1144628883632709632
927003960283500545
1468872302
981080352302051329
864447927632003072
114377641
1120221622919557120
3029795754
293186694
338066402
1003287925705007104
104902421
1137235122992820226
1130683003493994496
1133772170457362433
860839357657133056
1124482366091583489
231841221
1125764189102825472
1126068199877791744
3336075974
1100324301478096896
1085771802024919040
2834951742
1114389062608015360
2878970346
1018471949536645121
984083898006212614
1111967986636578818
12689272
1112513933309440005
1029638346
445566373
290016018
1107984170469462017
1106076968951255040
1104614190646386688
1108706998898450432
1077854762941349889
1062213368293912576
917072541193199616
166841261
382604037
5497592
1264246604
513214577
985885930115354624
3124165283
1004222826344169472
1036037093955272704
137757555
12999052
72292465
1098522590555951104
1097412004719939584
1096025839823671299
1026474003030925314
1039488213562228736
801306111987122176
1065285071945388032
878782564055384065
1859842099
839468096460988416
1049825410630877184
1042998906164924416
770634068824174593
800663960521277441
3637303458
145081983
770822669423882244
1008322070097227777
93237774
1089851405043679232
735314116097646596
3223849303
147104471
844387529704943616
887943970369585152
902373193561673729
193285929
1077911809808449542
45116668
1068380229280849920
70635561
1074601520694321152
45786338
3170866274
987214404499390465
1065843543619526658
100895568
279575390
145249511
15364355
108836833
139732285
935751962544525318
866589349248344064
1609437566
1029980565762527232
4876407252
967249825908514816
278114083
783675492197027847
45602765
880629471019122688
352846561
3307149642
75227224
834942860076077056
104435824
1035126463526199297
565667733
910241137100709889
262748328
1416917276
989306620453703680
995189850583121921
989515638472302594
990504575189725184
920918118880260097
818971778722590720
965842206434062336
893367051246489600
907137295941169152
890786305885446145
841517135008477184
892697688520531968
4328152093
844414830828236800
863273782877736960
1524654852
5372912
66906575
20766533
843021150699438080
4024611
141324135
9437292
69563368
120387441
3527194513
90153296
765429226598084609
814049457666867200
1261513112
810329728225640448
794524244658900992
2909908488
793119454032834560
721447683961913345
62215442
167014106
148963035
120752365
76038182
764364327033810944
2799509900
541867929
1304921400
3076163732
777345987945783296
718242325
773442101681983489
151061662
733600801784922114
751019386362859520
735264116592386048
3273914677
3069255924
246115667
713293272710426624
4584696872
4079010613
4788765559
4289030672
624145003
2343424212
2781998420
2922733650
2836230168
2422205850
492418212
2930565901
366636334
128754331
618451180
85877204
343355234
146636410
570926140
385287135
467244648
275395137
90336249
177217029
471186046
437946261
271867631
85752701
414637615
188313492
440655784
218058709
125644700
221443696
382505037
118368272
225084003
225068686
384060860
14833316
288823287
298896332
99232424
289047209
149157099
185886316
165470687
161714862
316998545
122072774
176290180
308296061
86282544
155180627
43040131
299577840
253441970
155087465
203864015
255438001
294350088
134446157
262012594
241461381
82069638
255005695
108822914
80852557
114568961
242601432
120783107
205089658
140835609
263094498
54135749
260758548
218834162
140377181
232160204
116801976
82534689
200685899
93001005
134609678
239735549
212424436
151386205
216992187
59122628
114410674
205287064
21465055
92463108
98270518
66941986
233736847
63056904
96289411
97353448
64354277
65699541
48678278
114712085
116337741
149348445
183874418
157159400
128088048
48352638
15721090
69251526
196415642
157279078
20661445
83070649
204221945
180972895
172321981
117448255
104106056
190227016
117357156
76517726
167201423
138051184
173109294
101404635
14868349
90610909
150994339
97366494
96598969
184771194
71203305
168497917
181056891
85276476
178966297
176010288
27799066
73628464
53567411
133647033
101660404
147083650
29175989
105701320
97375704
177912848
177542721
103774825
53724547
128834038
15304461
52981120
142533828
126888248
147175810
91895483
76671986
89563750
111825811
162320721
37923951
153700262
92537811
39690225
152692032
107724172
119300239
153429275
154202657
108916445
105900985
65762938
109203146
119373917
14579639
15403041
6617762
96076145
143640093
75237187
147546578
116659715
137383859
82034348
139472306
83869208
14963360
135440131
16823435
124994796
123217148
112135397
121974753
83817331
83552663
65315472
121048632
45367688
124011568
41282305
82229637
116984462
120319826
120479053
118956473
96776236
121075995
117108055
113377019
113365294
113386190
111269243
116489471
109582366
39563832
11212302
105504078
27201512
