902312392310145024
1292016979407077376
1041494453884801029
1094086191970832385
45186476
951003851364089856
846571120824217600
1154560308683276288
395783112
910153976
1325269445934080000
1072277280095752195
848448889459953664
1234807437053444096
339639660
224620896
1206728079587995648
1276386782649520128
1275421882016100352
1146720903956324352
360342689
975226750232813568
1077837108125982721
896191736967348224
819353112431325184
1251926951553462279
799429000980348928
6156742
233557360
1203497517112889344
1133778488773582848
1229398325494874112
1154651226870390784
99482339
57701223
1290579772225908736
947063807108509696
927515451457806337
999151498775875584
1143652403780001793
1558524848
1232608418076037120
1189221764028436480
758887116298256385
859143992
933540474933035008
119308349
310235558
1014845459628605440
72867898
1191925225061048320
500405204
20414305
1256513194492747776
1038578836894441472
852566298135379968
950668583629070342
1185109927208947712
3193580748
1030071167116173313
1078294082273853441
1178600698847477760
554757992
1717425325
861235228299231233
2369061206
381938392
1010864577444077568
1231403611470458880
1081804732614746113
878282918631620608
1123657074573840384
834085072366100480
2795446093
1945897040
1106949584230608898
3292428481
1229652487503671296
35741880
19122878
854143099802492928
1095177202977492994
1196377945176080384
958169486317772800
970541247134801920
921632315310096385
90049218
805054983401943040
1214217216297598976
1873618208
2343347742
94757805
1205307092577341440
20646409
1013728146024116224
1164058764284030977
1141653805764767746
140824381
122634168
707348775807782912
1207694170485219330
736045187416260609
112450043
1012517047878578176
462850133
1198612248974938112
1053827707107074048
730431139173699584
934506021950693376
1013306878485356546
823816573332824064
1083496779872489472
357363177
1159989919332237312
3241631101
1006715778
796871990669758464
1182964561558691840
1181249137930461189
1047538565695983616
3110724466
49591347
1143846054669852672
791388579117268992
3976541
840266222847508481
1156106239849320454
789753925914079234
1105492031206387712
1080625188432015361
1167819147801051137
742980947021303808
1160889022841073664
4013953584
1008846504755261440
1042760624613146625
957639529506074624
1125212726907756544
826443255600410624
2445006979
1032526523490742273
936784727352020992
226564828
3166261460
425668879
907938858
1038316145898483712
902039584996859904
4883038454
774938411626999808
730326194701275136
2423838002
212311622
4860041172
111856256
2552241510
3220308631
1126702764241764353
1057449180589809664
1101728687995547648
2236921002
995527268498731008
19320141
1043377206422953984
5898822
1084751379166646272
1085235397334953984
999062611600728064
1040654680072712193
1111430633497092096
10460842
3100007324
780965307145818112
3182893502
595558443
148035091
3029667490
1044597155044843525
1104708329496956928
1101038398733578241
1062674272080936960
106647208
1013807038307028993
189010730
179831694
772000494168322048
985885649537417216
1098467572155015168
323869852
6654042
1032619514192486400
887938229642477568
111315132
2851545258
1859244745
1091887864030277632
1080792445682475008
708518490173341697
1097764451514671104
1006945196465053696
958544725610409984
714665423619403780
1069417469717110784
714425538694090752
1049421140785954817
289992651
1001092182416097280
1002264851266224128
1086087283290173440
875398842291597314
957464283205402626
1050372771610411009
1019727980648587264
1010432617
1082147010386391040
1017679657309634560
968427667367239682
1004925122283597824
3191689945
1040829166491361280
789658912668528640
3147015441
1020840700387004416
2178554784
968709334296342530
2891292242
1011973836437254144
1715429388
1027517580192280576
922343215407050753
2540889931
1053855893404569600
1322148247
772786943587258368
3037805137
1071134159853182976
1026741919609581568
983999935191375874
1076339598123397120
1016270430879928320
821882170662744064
1081901733020749824
1051259304253116416
4011781110
3288567126
3035473526
3821286146
1078488989818994688
1075491762020339712
1693304550
935509652816531461
842206785830178816
111463860
1069414754463100928
2451280986
49651965
963592134229073920
1043321731962691584
1077904974112161795
4123799894
520360366
936398449083236352
701363285761724416
820622227808751616
1320266701
19758958
1004557658987196416
2382323616
3315548612
1068842383935066112
719151640415068160
1003360606508838912
1060881601280626688
1035079822597222407
803961358744100864
3057616592
3018559194
1053034204525748224
983717723887644673
704165126606172160
3918440054
964436614075236352
87101280
802107905038159872
1049933629080494080
480214315
1065591311649058817
877758498347470848
1064500745301413888
875685068492029952
4820994354
94320614
3643826412
1055352813159505922
251968833
2321830004
1041799888873259008
885346293299662848
799796514126036992
943588820808642561
1013336166597136384
1017665727858294784
839448370179514368
870290616839622657
903652822847184896
1039108124529971201
1039729429403119616
140786252
1009980470342213632
756351789285257216
1004724318729715713
3361045394
1051812018
328017610
148006930
1004324191397482498
996798881064075264
2824002715
3059726996
813765469236662272
884318313752350721
246255548
2182936958
2291307318
535633279
2607507835
187915119
903333878013714432
4225638973
850666833120083968
1124475902
947367446893051904
923784628283916289
917714520352604161
838366529674629120
121431858
3139742167
2377002416
3232374829
869442678236119040
2354424360
2232937686
829662537692045313
804699603320721408
765454605132132352
3666662052
2860467446
2554035367
800767157017554944
805351346777903104
783317808394317824
783303796956864512
755424848445181952
4847654220
141649519
95490518
791106037222739968
2381525634
2950053320
1487203490
775383217402630144
3980280672
540840562
2897886835
4771749312
2331578239
2783501400
854583895
2169940591
2789248230
3658641087
704491184995987457
1949312090
2176403203
4268056934
3935468174
3285495294
3255726948
2413465567
1245883375
2505792085
1464839078
3139688784
3229505479
3227027377
3237628943
3022835493
3008557807
388902182
2851444928
773243946
2171538876
1356381060
2563577870
2596357842
2402612329
2498949558
1280588934
2250237139
2425172988
1053873858
2378837312
1729038182
1557194346
2458132075
1234947716
2308317630
2384809682
1242852637
1960303183
978272784
2367261708
1438094659
