824232464360947713
1337361194147975169
903629747170803714
1120294241387696129
1206537409145393152
1088046773505994752
205727608
340521406
1103882546838888449
272640215
727756700221116416
1055077711520051200
842686467612663808
852435065380286466
1157928051784556545
707939325686603776
974967612781178880
1149599033633038337
1295259011143462913
3299921029
1664532408
1368569995
1262568131291013121
526507542
1274140537
977642445759328256
1169176479399215104
1240366832
201209133
1249023564063232000
99288379
15115010
124826369
320157881
1281087953255579651
206536128
114503937
963415066354708480
1028614384908558337
1275068168591958018
83313051
95613132
1183617824
112983939
929296428630867968
1006187581
879229251462979584
1274855679333928968
202062015
1170365673391960064
1086566145002373121
1043483546893996032
1086689107726630913
1186819307767922688
706769503439364096
798914600683143169
191686394
1241568285465796608
872580812390014976
1165459463131688960
1192244059747713027
199530027
138592210
3198608342
1071808647133454337
116429368
4574681239
426676329
9994452
924410716064423936
799431143510536192
223819506
1143280222004842496
901395761920749568
4355851
116577404
3318269041
1035510540158697472
985078585990955009
1130022085542072323
993330247708786688
1234846020527259648
1006781605774536705
1153157759325495296
381595197
535395227
706649288919527424
1662492342
1251176518421635072
10152332
472018945
1127154252277673984
1245036393182593024
264147645
4338261
1242129219208900608
1061763355365466112
807411713813319680
1209881119736258560
861446572130705408
2429056130
1216256544179814400
1016240136554668032
1139864490986491905
935681862642556928
2178130159
989003558
1135159207706030080
277328973
1193661326138019840
3932660594
1155854787037937664
2962680588
2802561206
3978626952
168745697
3232675580
1216553222015352832
2278103066
23535774
169100124
894599989493616640
2769081650
39386988
129215237
3892051
2256575792
449734198
3065982787
97590727
1321956372
142291176
46913066
163097310
1131800120352108546
3716014872
4429359014
4900222183
911155637412753409
43361735
14953305
68367469
280803908
1194108119560769536
2637116904
1196643102254981120
928896025015676928
740327719120998401
3040556834
1108292223005646854
909065869140959234
1139332917207789568
76262342
944156519402168320
928214769663803393
953224328618721280
1083309759728680960
765221513754583040
2805639595
1093697790163800064
1173908992633868288
997000193823293442
478759040
604379407
3194910296
997731452992155648
2878959804
2904477806
2407039230
862039688730656768
86881435
299132330
1073829963185311744
940893346020564992
3333527414
973600506084933633
474840064
212311622
98054431
1341274338
4470510558
972478919952625664
1005657763567976448
44953311
1133266983200350208
738950691373228032
265541658
1015149424803135488
252427291
148297711
1437424429
19122878
21562691
434260736
1089765759553662976
52220731
113354217
157154509
3349597034
1038769181431234561
1154369668309635072
1229010770
3103263210
3896921
994243397060771840
261666329
14657225
978898192317276160
1049531790124142592
904563070684471296
234954187
1108629385068736512
1116257122411372546
142512843
313505764
832019242601975808
13148252
828217248389095424
90145056
11764182
93974811
65006006
248691843
870297419149320192
201595823
579758606
719285537
949895211840282624
105346525
981792072
14663651
1010716403060518912
1916693022
1135026632656166912
1448711580
80582272
147651329
544214846
2530315676
223380172
185642424
552553636
2533007911
3162135630
145236403
1118038864411545600
904947749388296193
1652447198
2737105555
2473461265
87408543
548242941
293501855
1074880207016751110
1923436237
1127202614536368128
1104148311554940928
76908477
160022130
735653524785094656
2819643354
2848718084
74167099
115550504
1096342437478289408
96701813
1112551179374882816
106726280
4361301
2781606980
148692327
1690406172
1006128318461063169
1943668806
133993222
179683963
130999128
101222179
375502651
345820034
4027691
3197725316
878503250261008385
1342215056
526097084
3086780643
73845680
926651477724053504
2620897628
1119938992290402304
702308954576068608
787995333573775360
3226895646
4334183714
185622091
1104921511758987264
501305013
109588092
129827116
154825994
3762131
45067325
81818191
1111885321040326656
330975005
177147492
741490581998731264
813639114834644992
179956750
405547201
760538479591694336
132398837
896034685951762432
350382527
1002551456803639296
2534309018
71551805
1073033745056190464
339324591
3266928134
783836879359578112
914004670095384576
1978335025
859448130063933440
127802882
912213037922238464
3264796369
866161715947253760
3039527592
66586189
894677481374064640
760426537631948801
69284689
1013602985698459648
744673241474576384
891163812253974528
608306198
191449523
3349385294
2178136183
912701979012481024
3117657018
615690713
127905627
184350550
1044603285238206465
995594218037891072
925036922
42903163
1068432649834815489
69817570
1087708867708911616
1081467282
267117239
83338222
1098488908181094401
855226759935008769
1094183162492551169
1007928864012562432
75760956
1460020219
187122753
782886223656329216
797264228239507456
728548718304075776
879540514676031488
3032483910
189010730
21720230
1052473818797682688
1432187640
91222740
749558831273766913
989032360288096256
3238951622
1169062752
2274281678
875500144057176064
1045679011911725056
830719479340376064
194960689
753609486326038528
770117116779491328
2419894692
2455827156
1047049674618736640
3010050385
3102664446
854143099802492928
1720481971
725575931260096512
1047049522193555456
2926392019
1047045843902222339
1035826859521396736
1047051806004662272
1014739327434219521
1047049676061589505
231438250
200141939
3178002330
3139698312
955404794822148096
903534596989476865
3214850788
268071041
121667624
1659468336
1039912570960769025
2270530886
731050632560287744
2338314512
1728866592
2459740622
2685510524
2352802952
785492464429699072
232602436
2152974169
736215099279446018
742728004439134209
867964517359075328
128788224
2938396693
2840926712
999282043530821632
336264455
915975437989187585
899949827361918976
323869852
1004245769002442752
928254722397552640
892664823233761280
1585554902
2580152012
2636045840
986671637431967744
12999052
987597030154383362
4826642393
1002473004574564354
1173004442
964451751133761536
1443406027
994026680606846976
991834689261387777
3132998455
739379223303880704
1903667503
66688130
2324934348
15312900
808087008287408128
2589241436
2381250048
727753386465107968
925335701146648576
961581205454929920
3091727027
726338614179729410
5634972
127858553
370573931
4807451923
978955014147211264
165374711
119604239
109758782
2473741867
1317471354
3088829166
780736934297477122
212643977
3026558382
823816573332824064
720986019005239296
877172544754696193
941877940513513472
101927539
1537766432
2272548918
106604557
457201811
749757879779856384
803579039843614722
165341525
891354868450959362
1248415158
886019755101962240
900701870582136832
41855567
3150911042
905047452671029249
881487005753892864
741789765180100609
3152063323
333972311
736045187416260609
717655175012298752
864877590355484672
3072614899
3194882887
4210291334
4653744554
702778489288548352
2263635158
2679277548
231200200
855996708232118272
2913984422
770056300495572992
129546714
1172037374
3195051414
809746479153704960
14725380
2344544090
532761738
748879801763573760
3220604786
720244411527856128
1478246442
14490627
3195367099
814370208160694272
766927681757687808
514145588
2933036220
1331525617
35438373
1207101835
201126228
3136268972
843437379520143362
843749691258896384
717937441
3001836499
2796170323
3314195556
1425033637
3018158880
775538555787411456
121107318
3069602766
876942602758639616
2370453620
517301821
703713190543142913
2432051520
2875059632
724125248359026688
862068617877139456
771605518922108928
875380019328987136
811469552756224000
4443981
2447495695
858870625905004545
875217779862814721
730341017736470528
104197357
755949818199932929
257389990
3120172164
862355519197007872
3315914936
3976234632
808569888000253952
847264908299223041
3788362938
37383008
830439213141151745
2261196062
165415529
2444841282
20953912
954198954
811478574431539201
7421212
710959978303979520
761453582956625920
4430359398
1692913998
772091649967087616
772091650277388289
2432996876
549267101
3029276810
3660106950
712268632806404096
945414938
291141268
4847550799
718121497961738240
705393550544883712
722605093
2436141461
4487223512
2711169548
613597441
3529883712
2184516217
371140049
1322482694
1099893674
3246425798
16254958
2447339623
1318211107
2198951485
3075133634
2430278796
3018768032
3146320149
3109362614
609110644
456615140
2936087624
2741471973
545153573
458286904
2816949979
2704286743
1291332372
2655709470
2613362468
2228396660
2616987719
2190448551
2167646922
463754131
256150868
1073376774
618795468
1037077147
478453716
2185464068
1727730235
1952063707
723705157
1961756857
1918708477
1688974231
514643354
381408110
516641994
1590088957
1635525301
1253701747
1238002153
1484579360
499775941
1351633578
407737398
1276673910
1162698522
454814575
489300907
480081898
361164523
728159306
1144713414
972122514
583509041
808487365
1095403710
821028540
447535026
780446990
987905154
81801870
475712893
511295922
235558743
67834219
928904918
479451324
271272914
428784445
