1642606724
1292424008646893569
66670430
4828751
167758825
1042073281
1184398794416197632
1155902497
924296309556723712
753751225082912768
1103147804673794048
1220538118404624386
1135909647372546048
1301816255771340800
1110505282075934720
215609066
3247590072
5711562
1003580353926258688
135814044
454108571
979188908268306432
1243412507730915329
425338159
1040029897006010369
470186347
982956889842434048
274384509
1231760121455267840
1229398967638642689
93207962
5587412
1118129310676570117
151852201
125962981
1001973908
912691719207923712
727756700221116416
74446438
823016305028513792
928214769663803393
14784942
68974497
9146442
1361115452
168600033
4136372414
1603905085
53872453
7129202
720499862819770368
36935753
1074689191919775744
2854571882
711348696831504390
998462423647465472
1091146392129556480
250523202
16255615
935892088717172736
1053968757159157760
973504124
1423139318
1424129839
1048229892221882369
244951585
15864054
776724839289589760
223862697
15698785
223730875
405164653
163609099
26049977
1271534804
5435992
1001013369774616576
54904048
996745781729157120
886148981322993665
195989574
1485255282
158388638
14397610
959543231091392512
70701839
952884544063012864
947387734649270273
296090406
911992601896562688
92227954
6664982
59035284
1451811559
3870103218
304641518
2664287864
1430726959
71555930
784587845952475137
5003551
724117287192551424
706872843326214150
2914879476
870627214156472321
840473344734449664
4708851534
799242020040548352
815916522191208448
3561931998
52049628
2318702654
141150854
128511896
771716073884307456
746206100282712065
287052480
348800311
739825051755630593
289744627
729495421458882560
723794006023364608
391452862
706485526879014912
894637423
4881786192
55757119
1355559320
4892116992
313627792
3252170456
228325562
4630869433
4496129493
5929832
133353239
1678639890
945882996
3560156053
17985117
315282737
5805422
6280772
45076122
604643013
84877685
100735582
3242396738
118030964
364948988
2996936870
141963612
102246752
7635332
29429074
621076493
5685672
33993694
114111076
2503346940
848585450
76665931
173167262
212571819
602609035
186260111
2905313838
226437579
61700242
2231002058
2614580304
142523623
2489561719
131104321
1121019174
2568800144
97725150
201833168
2482154065
178367731
77865975
2340978469
2293603824
122411978
2302222860
2181724394
2175239786
2164352270
2168470182
1612394382
442553439
112551613
1549736148
886087615
154883082
42413108
423911853
153414097
14308381
212939847
751369645
75975397
1001783928
30605924
188309022
185969901
74701899
14918618
5403682
4027691
1050787098
856375128
256955049
789237067
14328042
908675971
703112065
899367716
69441087
590677661
9820592
843108696
3991031
909295922
66159300
892670502
489323867
70671139
483649431
191110877
99724609
302549915
4003751
5310852
147145215
141466617
335852307
213235237
63582605
228549065
109633495
130414214
50149491
415657924
541735964
361966011
125093111
131059451
240324852
15295069
120842871
72008008
17247976
14969725
22469275
149473186
105984478
482161053
15115010
365327138
457438463
452853619
263234697
16630698
84335822
339487620
32395099
105826457
11863642
3180341
437419563
7536232
57836800
439418056
422261010
104495092
420339689
194512075
78936531
177435615
331519210
171486949
390244310
69179963
144877228
15072141
3790171
219624691
44110480
49314273
11413262
258348576
93424117
42188053
176063803
86719256
253408605
127118681
364202579
109769077
302920255
47555134
312765446
23057085
123804019
227991840
5709662
157018168
119687151
54220657
110661163
152966269
39478090
139304284
284403291
312467746
125424683
309210390
11548272
91922384
62277611
83219211
280837669
5564222
19320141
282608027
232331457
122695363
60200646
150746815
73146929
114119006
15676452
5821822
208844200
96253827
18434355
75435428
116364605
6334512
125997006
269562307
127894899
128173494
6491222
56441319
119556585
245182999
81935244
244808931
6531182
69728095
21562691
122830619
207892518
96303788
229817795
212885592
3978691
64322901
117478171
89439967
93399574
210311054
147513707
6310812
141467504
12352982
37958056
7362472
80774303
5981162
107568611
4575191
198440645
38344387
192797759
52575494
16280514
78057590
167008739
140392960
105570496
160109757
116446829
153089248
155051526
155221625
76558138
161099416
48710053
162530902
98829278
158303533
129242072
159402202
58482618
155919418
70690521
105623747
128930864
100893414
133294556
151013979
16346803
58238157
74579101
82809867
14359363
142714997
124410549
53023041
96578927
110559274
88165877
129420743
16562139
103765265
42375645
121799429
111517208
127836307
116090720
101723597
125911369
5574572
16484671
115690045
96128505
104323828
118011718
109575478
107734028
116622621
87872594
29181859
26919422
98105313
97244324
110973580
94196351
66900607
107128309
84724349
110294232
30676653
110072621
109833907
3575231
17462972
108467956
75212051
73129467
10268642
94930250
83147921
11968862
93565243
18393442
84550137
99434240
83855320
40702424
93880322
84878798
15249591
29725608
5576932
47339640
91009257
70085212
80984441
67537065
85499445
85425348
58474224
33485982
14360569
62123545
52734577
14223828
10153622
74645043
14972793
18593913
22461311
5711152
