1012611609104011264
1338070481426030592
1288419203796496384
1224520403197911041
1155293866188103681
1237682848347258880
152146586
1257461824364003329
1226508710618353665
1202101538346266624
1279243043002957824
1236281450049064960
258404184
1280078240418115584
359928134
898752255280652290
1315826701226524676
1062199845845254145
107062743
1078261431475134469
740375666
521567489
979526897036967936
818274209520463872
516409524
908920219535470593
867347214
1250712953227116545
3242807179
264501753
1288366822371164161
1325673259455508480
779282324710002688
1296702395565522945
1281127867196116992
1029226570630582273
1243498481639018501
173313709
875971439643377664
1103941329149558786
1156733704200318976
1293446855519399936
65246806
1316266404862070784
2986328972
1316376038868357126
1230147999243722752
2678701214
21179979
47607421
1301733204798312448
155910995
1310754134308519936
1168053386
1281397064144846849
563834381
952997415392595969
220576579
972291524628115456
125674641
1096051483164823553
1292386403423145985
1181660315794182145
781472905
128475382
64582661
88811272
3802948694
194475279
1120151160159997953
1237602234520629250
1257456055799316480
17288482
14413099
1253681072463740929
1236115420018397184
1273658369895612416
831011338927300609
1020091226115076096
1117433075338584067
4659158599
1252510777598029824
1280403516687704067
3105040579
1223200884777029632
1291632671026638848
14490506
1290909428732973057
1277575775399501824
1267463941334188033
1295480390765838337
1121020732815765510
1249564369559539712
1297326013131579392
99529178
1296574676827664384
1135463240857673728
333817025
145103164
1211302408443187200
129846629
873073321297944576
1286117109819301888
1271442738911670272
1291513318608220160
2361109176
341943630
916654630854991873
211848196
257299815
136898619
113313085
1221604509941522433
1251665922965692418
1288895333766848512
1282210284963151872
1252137237715640322
2951689262
982493963536875520
123405552
1275280518045548544
366466316
265958634
909276578173001728
83043599
888461688
1279632142939459585
3724840880
1009453009527435264
1257223640304676864
1230405372956962817
265638975
1156940598990888965
1254320439926480899
398476580
834088637255950336
146263418
125237586
1061536038022131713
965990421347233792
1214044302692585476
230149277
1069953981030363136
2413160076
2413375298
75263029
1231026990477529088
1039406378270388224
1240505638351802368
2966070360
331632524
1262382399402512385
1195663047710269440
917235699711066112
970320276855508994
950624725536980992
849500813143756801
331392528
978612401154113536
74763324
226233337
1132829613904736256
1227776275734880257
515426759
2967092581
1097088397590462464
1246784765610483713
1239012518145568768
1242260060526374912
1026629872574054400
1085018926801551360
129086752
808988865876951040
369509312
244391174
1242610832522924032
1281498190596857859
3314824004
938621999772921856
634550630
1168807946316173312
1270274694982189056
1105806318433009664
801573658544046080
1245230936142180352
153018253
1269125451009548288
1263401952286670848
1258029492523524098
1274641784992223232
151374991
1131401711006838785
1272666853844779008
1138686032826650625
1122499314658340865
2864307517
4098684974
152289989
849559268470775808
973842673
1557573409
1053167998222008320
3577141
90169145
1084668312351432711
4153346112
6085632
1052199410430431232
1019467997646163968
127469950
990087357561896960
416251522
1174929285800316933
1240519242195206144
1160180216406216705
1092250673515618305
4874316678
100761454
1056026812084441088
752642522
1255728596083077120
953100824451805184
1185581459270062080
249011705
70043663
72715852
170662836
1249602902739406849
1353982159
1257192768843046912
1257220371796770816
59075719
72867898
1047971849798221824
1255310504953856002
1245651295152685058
3287623339
112413271
3010746710
126265412
1016282790394978304
1217773776345001985
190781167
4877459291
746378293906071552
2983899774
4751862810
40863789
115214367
188556513
615989567
1112052748969607170
17781721
81681814
1200905635
1238406521140047873
1138248972210802688
157547461
958243315161411584
864338204064858112
1299796939
1221318105642631168
780667302173782016
1036493215526936577
1226511556298457089
1220269552266690560
100012271
1146599954393096192
185704362
1013648395980816384
1080288841640988672
1204658399952044034
1091245945717551104
1019101956
83315089
1187358848299851777
106921138
493132002
1097374444866088961
1223440457683746816
950249551851483142
1017589064545890304
264187759
1213309048096841729
825164948401631236
266349482
286247574
1156922084682899456
1198804844942725120
145146529
1133606287260807168
763775900089319424
763971932886749184
1005632526142955520
971573585130151936
1161625313622687744
948978350655074304
1112587310359470080
1043342396103094272
1056189351531429889
1211650218501885957
421781667
978306393173254144
128108965
246797604
345918206
80290934
197818488
95674036
106891758
991120040
796264227145060352
2577408294
754703140172161026
3076464680
3227451672
1138046607004274690
56963731
765731643776577537
762601244
2172555254
1056804585212276737
76469421
6196742
277364139
1027004639156174848
82812586
1057410044667392000
195686006
1202102222550523904
1050515513070088192
700972514
448566087
739666954479239172
1185518597528907778
1210087907328815104
143393539
806202194
1103469691912118272
2610299958
1036021257790054400
1206516654089203714
2435211192
986580067558895617
1189023765365047296
1154270699550154752
1055388145414418433
1196387986209984513
1201424274004811776
1038443228511363072
1168418750493650944
163921905
923372366364733440
897837716674453504
100172695
121309461
1190931192972902400
926662763170033664
56364612
1199631599765094402
593907959
1263524934
1197354011583631360
16714852
1184709589792542720
1192594174253490176
231649850
743252195492003841
77757870
1011090513578024960
1194051220387717120
1138579435139977217
1184680008435896323
1173499544572551168
629211694
236656429
829336958564388864
807370923841982464
136619312
1166374196173144064
1129312378506473472
2205416148
1000695556686016513
1089434126732517376
2934047322
1130348938882502656
760464868746997760
1152173482026733569
868454237528662016
811054669216653312
1183391471468048385
1063286791732572160
825893287823241218
247946793
753627759922905088
924140369347874816
893838961063337985
813622700748849152
784010740717891584
1090952829324279808
1165865704597245958
111625016
3008601343
3291678714
838017002010628096
322010005
1144228743990300672
247149567
589096504
112855821
764558017715023873
729622513706147841
77167527
229438103
1178116951786180608
1179385698643611648
1048765158539976704
1181544317518630912
487632387
989755655622873092
950295618085208064
708742585183932416
1136275599599607809
69638974
123272065
989037994421243906
1166538674739326976
1093161755411283971
1017608709889855489
2292373290
1177077454424272902
1169550558664855552
1167623768367194113
1166899203005505537
46649777
1113706051084247040
195704039
1126044070046912512
1032634692627914754
1173241535892115457
112865429
246652071
1154546529228558337
626351218
70681546
3075229069
1156020266910150658
115303447
2167869127
378361293
1008071730
2180138802
833876115458371584
885489823640723456
296120445
1119204104197136384
423952263
1159825969982496770
1002422890820612096
175771257
229311099
1162536334327603200
22939719
924089177523740672
958247427567378432
1151491169412472833
1131830388689518592
82592799
1160854417245007872
1160103143989846016
93993285
128521962
124034021
847442300988833793
1157090115358867457
199224276
96725564
96747091
962713129523138563
892622599661830144
831786934334791680
544164843
300085650
1059685118451703808
1139456058978635776
1099133656759599105
958254774729748480
1134323346374516739
1142810364620312577
738007963365838850
1143832836056633344
1138812711624511490
169294933
1062244073119993856
913587490912473089
957853649039908864
1453776542
2199540902
1019777359010881536
710363289637662721
240201550
149400692
91010321
614142518
1139037665150431232
610085293
3236156965
612635597
239756424
1134693703790911488
1107894429195489281
124634284
3831968653
858264519981670400
94923016
4816800494
27799066
1038094633887100929
84768703
572352626
1098439033481383938
1129027204912885761
997670650784329734
1126085782391771136
1128245706668437504
989647659962130434
1127822576367964161
2781494245
3971351
971577210065772544
1897093897
2807169266
992018186773057537
141133014
1569975222
3956893158
989612884224237569
1073348170527186944
267586418
197798301
4306841
2998952604
1038997095133282305
986807373900558336
112387095
910762479596183552
1027117570573271040
3000769784
1086086297964310528
1368164514
973360084355919872
1081731172802035712
4266191599
771516831349604352
75055288
723673928
125922023
98874699
1108653073231024129
1084665816430260224
749011179914145792
1070954948563619840
1104035515857231876
1100571734279737344
194874532
1103878581220864000
710436716696309760
95194369
860809707400724481
793720658618224640
71540576
941469616852713472
812593945490264064
69917971
742181863033167873
985106105192726531
1097836780336734208
2542817797
2226468122
918790914188775424
1097340341638709249
91008356
105648328
913556032701345792
458016112
1039490175070400512
711587395846549504
950245849115770880
994891758461911043
1090197732696997888
1067301185961377792
704224243
1069235841992552448
88617876
1086153694817579013
1079959695203258368
161985205
1078282854641983488
822346307188572161
1016294540074840065
1076476569667829761
1036110602945486850
822196855089938432
198808738
1271384353
1077247348953145344
1072718212955947008
1015074697476575232
1043878128790073344
1072753242881220608
849966131901116416
25028811
1062630848539717632
123008405
79747984
15436492
1702509432
451831138
965435619823374336
1058020158944374784
1046715828186402818
791906247914041344
1064076358748258304
262321413
545638399
1062954839330611200
1010948616800821248
953860077852573696
996012598842736640
762817408344010752
205061509
905285641428185088
1059645519889231872
1004676276022472709
285591242
3700476192
1029984905848020992
467020152
889001449169932289
913635509884280832
146060518
461917427
97175841
115675140
1002546341254348800
42642090
88623566
101256215
844752911175315456
119653546
399472398
1051152283008790528
326048154
3191587447
119256518
92474523
2958753236
986106360570961920
265951985
1946284315
1026108272829288448
398601375
108184076
3650128472
767947723915931648
2469171013
189346823
905449900103446528
249398376
370023267
1008529232035606530
83535085
59431944
132385692
359645056
954018893898526720
245918775
163408998
1114075382
156914916
1036163114889170944
710793130006548480
977812601512972288
954203275192025088
823974103748988928
1032575438969688065
881147346360324096
1023547485287923712
154899199
741199825815801857
4618893378
4889835241
952458561942052865
778649789269352448
193851967
981881094784954370
74402370
930828578488426496
996932597220495361
1030810626669522945
879739959686471681
899619390294970368
900414161263280128
587323100
1018789131051098112
118628817
436659933
995061801833283584
348926950
2561628054
64207587
103739662
3066466332
836010876813500416
2848882729
968318739337883648
992415947427270656
155815292
1019757387383619585
3304886382
1016693734371614726
997406541853609984
990241613573074946
85967173
1011614027737255937
965785357143851008
962585792513110016
3092478966
998674724442914817
1018387009000243200
867880209885782017
873388692353597440
274847386
3256332042
52751719
1008001783300435968
1958836122
5649052
109120491
992756387577970688
3696865513
935416021590016000
122240320
3305882064
832969644013031426
956893391702257664
102011794
4848611753
994110416732143616
3317803698
137263528
2906748740
839662606486929409
113906270
844079921433468931
858661295607791618
1001676470413070342
984621249128116224
398534913
997343508074708992
994583820782288897
74958792
1000302249107587072
859604979748806656
1244696088
705294549912940544
2954398945
708503088
995947718190157824
974496465404928000
828776827376193537
170116464
996725166511013889
906813193997000704
759551244109164545
889326237168144384
2734950653
875840285594370048
987569697238368258
20646113
480330903
116955886
105337741
951004623698984960
1957739624
952077364086755328
911971106344493056
917326763654496259
3221964698
305358043
950945704020656129
982760139433304064
964545507098947584
927136412700254210
974219617982857216
472531996
918104878605467648
939124235573780480
837238546767306752
980454139611176961
765430481030488064
4722356414
951689318589874177
144767987
969216990551277572
976265725349281793
470797449
967765043705032705
238691269
559961735
292821347
4252219213
974113256993316864
3954162373
855869304754946049
4481562372
965156521335185409
966838500833181696
2254440848
872290771461783553
76581660
848290009526546434
723157689144999936
483855530
2854873080
2912280422
966227344137449472
60064170
872445637349867520
1709506567
964738243752222720
957888558232055808
1560732726
1714849160
60524250
85529775
930126887610867713
827433462906761216
275462163
951727290156646400
960339395650904064
15955376
220580472
1361853542
263730183
831528011048448004
907391406355890176
106098593
925157268911374336
909715961208487936
166450080
6168392
954253821307371520
4356706405
364594614
956422762288918528
839333762198450176
2467403274
730598494143057920
907909111009787904
223113841
788788913330454528
97859796
950346920404303872
2297693606
923802830921654277
1359672973
314293363
1056379904
939722544466108416
942952932428759040
942591502630268928
3287044764
943641256717983744
821957261618622464
434218729
3233294922
791163789802602496
1373472942
2354282178
451275295
330137465
933898195519750144
37389937
2850240859
928511380616966144
809402806943682561
420072280
56917380
4920826706
936869482672168961
920658446097068032
702709544246358017
249061684
19535577
1151358967
84870014
854972547561005060
882141756631863296
4835877643
931127527963115521
755066459034755074
135082168
2193172669
828757399423029248
390889196
930749706468073473
166144270
726989720446619648
92910289
829155895007289344
176368667
922831717605416960
732169307732348928
328361226
220633545
98134429
3380605880
925935411683143680
4059109759
229730990
1028429496
12770992
925121579616370689
819757702905622528
921668009793429505
794459499025137664
14880416
103282685
915398563936452608
4429397892
917554502294659072
90585835
916474439742627840
2397432456
559900443
908550908
6150152
914814348098334720
826239304724729857
223312596
146320746
1023611468
909179092330725376
885820942391189505
906002319430475777
366751818
4643749194
742262432345653248
828209571889975297
901800448398565377
902763198746636289
833575344883916801
52298460
785740551853264896
746936986196377600
860027678711095297
753339081459761152
897819615924953088
897651525152980993
896386498815119360
809197263129956352
889453677831835648
61502475
833898474479312896
874187532396675072
1638152882
51129209
851420871436640258
798489024486785025
888863966079979521
727020525701066753
4164103513
772644625135742976
186350637
2911463695
46588298
715637474
23190912
3110229146
881125665960976384
112365063
870932590538051589
43674092
2392119962
834606569086021632
3259453484
826884172883038208
764809755797827584
50833832
877173656979243008
2400243067
243840003
284400396
131429407
1324526642
817674632417288192
849895353432162304
9667042
4702930820
92983198
2919404269
3317616829
3006337536
161866657
2739370033
14152209
177020746
1442887004
755213587711307777
125758289
868476102766768128
1203495194
3260504856
865403579938385921
718422235862556672
746950860
2581907012
3219898165
77185060
3267604134
9256482
819536810107772931
2329672453
251028864
3322475323
124408069
2363568096
366863927
212992267
727081078221996032
407701657
553271290
841543346136915968
330770451
184718506
167206647
393495426
735108485382180864
829277994770391040
96091604
701941491971727364
852724682650394624
8827232
847375143827460096
711603872607801344
701648341835251712
4902280550
390829757
806297604627664896
766976489002704897
842508880370257921
149153823
58722873
181012141
761959020542296064
122028532
810009303792975873
727467954477002753
782452076416671746
1425650000
1621715286
68901520
124470138
773816792691183616
782556926018068480
213639682
826099787443212288
715482752619929600
145040740
277004719
261368091
739018924377808900
746601854113505280
165093698
2198638850
99687495
877772712
3219817964
86834873
812338338405367808
159733794
3308877030
825714939016867840
823924977728516097
268235373
814328470616547328
742739793449082881
3266757024
280868955
147804709
2332605810
721903128484818944
105317695
4767318740
808317580339351552
815182766824300544
2585008867
819155086794375168
722775241173262336
790908671467200512
818072362465697796
141027125
3308496417
747776102492430336
733974327243112448
38844920
2812324038
785452537558073344
192794513
764805187957436416
811173371278802944
374304800
748525187465809920
810430011287031809
811578881622740992
742279599237693440
2329943293
2582286410
723724534025613312
2444797662
794563705996333056
807435291287879680
85508311
200548826
377000089
88128149
69508520
356587521
967343042
258169053
124560977
788999282107875328
704397905147273216
238144988
94975382
163359349
799130180958625792
712817683700387840
763318035998388225
3227657880
967203260
732535263444885504
784327550
14839353
751224560679170048
4826512843
4700269484
248116237
3258218150
137176834
48971559
791186978171523073
734558818227638272
744498122479439873
307731068
1153810352
1713313646
723673808620523521
1640545860
779629925166747650
2183937038
736208237461016576
784636291421966336
787279649629798401
84204004
787468176418144257
759787025494966272
787999123039408129
703152445413699584
788051744005644292
2566732784
788035190622826497
2886280232
786185929341796352
787590331256537088
215837404
199904915
781992505
706438359770488832
4276384394
782717555655913472
785501384254758913
742574231666335744
173024793
757465374816292865
782940164096073728
122857893
1469670506
782406379080339456
781808480906645504
330846779
29925493
2602858844
2889224299
775571767079243776
776613764258902017
741686302425260033
3278224320
1046943458
739834345712586753
83347515
763710648547061760
740400385072979973
2682131568
775365741876916224
14489706
3089158563
1183936682
45337954
773735031751733248
740348634412113920
2213740345
42692703
259585589
2459249412
139250882
563094317
98497887
770442082016120832
755585776734253056
742891531728650240
466084498
541095786
752424650815135744
171489538
749935325506523137
3020101496
118280081
167471904
723277448197095425
216014221
759628452597145600
3814609152
3846906979
732583913822937089
1223586391
984931
178241495
4304580621
481729508
85029083
721327535611482113
750969293014261760
1634901307
130010447
90566605
754709124449832960
4079368272
749175500501725184
2893473836
715417441170550784
1158008455
3281368010
27390894
166535122
3271283713
298564721
748323178385018881
4561099284
2665431835
136936421
3001606218
4427953572
709397764082282502
3921774972
2460814898
715023127265353729
2823151428
2990954126
3786118634
772084970
2898410462
4611152894
738302620767387648
721896503837532161
108081392
3711501793
4031134336
1049245464
92260438
446258433
121547850
699932056734683138
732138088055480320
3013188924
3589991
714267735811694594
2212799473
4665189162
730012990477471746
729877831124058113
723497419049046017
1298389213
153294442
326258542
721821756252495872
722988287195901952
15169278
99103283
4798194732
3880482199
723063971557695493
151465433
3305566891
723013151428481025
721873468464050176
98536478
4787642593
127889380
4771596973
3136658454
164109352
2650369148
63861471
710315298839134208
945389036
713247195433074689
711177966760230912
705004636617322496
101463349
259146688
137040423
327429246
518386514
706426922654240769
2595722312
279045130
2851607623
3617141
4301158158
64695621
1271151913
105513809
135088113
265145570
408930508
60583197
2935522428
136205636
3093111810
704318858421780481
1724225576
213967589
4043577373
2906732179
79759746
1227010182
4781768976
4706610493
1582902925
4815442641
427912157
79082654
235326151
4746176773
1264260450
3317453046
3241914018
2564498833
2943821150
196237373
3482664972
2942355529
377311961
3288886824
4816968492
3300021132
2689395558
4120010352
3701754559
16453027
384705392
4439875994
3953820612
4290306680
513593577
439435703
3679318878
1382292954
2311160982
1978648333
1548188184
1105271736
185743444
261097894
4441326500
3228064202
110143020
4295259859
4403787317
819185040
4503890654
43955040
3309918883
395268389
93098358
2593298850
110784279
2364026646
4044685272
207272138
4326683489
4047790513
2829228552
124099900
256985194
6417422
72172242
126953592
4374405492
4130554689
4121540294
3281934642
1298261833
4129829839
3067487971
3145814823
4181117894
485490446
4143859933
4135207332
2646727148
3779080404
3238127224
105535107
174547856
359646368
30954565
105645838
3242964870
368245848
3492029718
3923951653
60826767
1715300275
2962437585
3840516401
3063751429
3712292473
2867035406
2905793034
2546257170
2722538149
2914480506
145489629
233501503
53655748
3412456452
3240823130
3400333923
2999028013
3315105074
3537446952
3175389542
3266839254
2355326467
326253554
3322301
2384280642
1288518852
195578306
37452790
16281399
154401922
1351454641
399948405
2859547819
1418329981
3148202468
23593783
479353749
3313944882
1655261683
3314948065
3297514292
4642601
1838863777
3004040678
136581688
47664972
3296945756
3314366595
91812234
3287838920
517043295
3219674086
365315381
2233117208
3258147108
3267015511
1266815611
132406166
3107632831
1918581198
3193503679
3195909902
524047000
1084241119
52719908
856508348
634763046
98884515
2152616084
2393883980
3223028648
426619287
50035707
3310550855
2944912980
144551014
107950698
768634806
130806868
3198590586
318799390
3168342529
5889772
3193178801
2210225640
63713593
3168401377
3110233760
93442373
3163632954
3151555825
126262798
73928857
104084173
301881601
2971429605
336179397
3100026397
3099299911
3067507739
3112497341
3109490016
14112231
5122521
3023409967
3099220573
2991539655
24146672
348479619
175650875
2485096693
17010348
1238863333
45525151
2833733899
1688166372
3064093938
221581483
244295832
3032018401
3038205864
3035472301
50984045
3022650864
3019881607
2651262529
306050221
2920345597
3013581361
2699988842
2943303330
2982240613
3010305110
245699456
16181752
3008099240
2257030574
2993090156
304314630
37687837
41349575
1720853402
119035436
2971627920
90594515
2478405356
2966288714
2940963728
2957873898
1056842113
42202207
281012866
2351195210
2670081144
2940189072
273970393
2897929718
91250708
305534887
2465229956
390879620
2506439545
1264333110
981786074
1610498492
2899228519
107632738
14461633
14854626
141869911
2306184127
1325917981
2569069374
2907124266
2408743760
2898006049
2876518477
2899621284
151807681
2423500364
17642576
2874674738
2868215610
554821496
2709109447
2689273603
2834550403
222013135
2847636613
131045943
2341332937
2799588168
298389666
1440340105
375725415
2350618958
2825656789
218371936
2598932886
113845534
312943851
2762860922
2196950394
886037192
554417081
2462547715
2541624738
151158749
118041707
1136543682
99614933
152259891
2394154470
186074143
2289081175
62034092
2708446884
149351646
1396507063
348881992
184231490
2463014581
16525164
2246404176
416912676
2664653430
2431779325
514257045
2534244642
398593113
2606361571
308226199
82894674
2611535569
77904622
472696503
238723259
979941114
2536026757
117015035
2566916214
2189309066
2564848692
1514919175
2570805841
198156688
69583800
2567988415
203478405
2263722932
1418298866
1223246612
475062928
39238256
121980044
2433811267
2303314909
14921820
142169272
473627965
61995127
2479788354
560947958
2435359441
2469613170
163655801
2331913897
195574264
343473465
2449330358
279410673
2385155971
278495758
2443455511
123706844
5645862
2165909742
112711957
900939108
2280783241
2426462060
109152396
1691013186
292699825
2418267264
110934838
1366243410
278293059
2379825506
139497518
95794171
1929985855
2382129384
110467419
2321530603
76217219
304845343
209555910
16886524
227598018
21543583
2358762121
66449659
585292664
2354839968
245049698
2240799427
81545169
2320552674
89088625
14487840
304941625
1697895614
114915254
1124393221
1910413446
2178050077
6173322
1953191071
7416082
2300529391
59699400
2243533909
2295225492
73704199
207097484
489234952
239331861
1210757947
2254479614
477506145
254926820
2180362010
30634396
1690202142
98601419
347048471
599654612
2238798534
2253555289
27150096
1320307274
156408955
2243707262
130732602
577387962
2227043934
1298365770
44329860
121887067
1886368860
1487871187
2179959210
57049445
112370698
2170421389
1584503155
121640977
188627338
2164298816
560723663
226250230
137969922
84198641
1929610694
56524840
1898682998
1583084611
448949759
1540541089
970876268
60200077
133797069
377882922
1171693093
93604904
127368176
951533888
1082313649
495736344
90372961
1450843704
20840928
156906844
253081575
1067896123
1617154170
372253460
159437172
401845298
119846900
216590975
385409366
47995262
1712241086
5295712
1720814060
285533938
542469538
238940564
116412155
345666475
200085853
100699574
345165232
264382008
33464510
243972691
1635626982
239296652
1350778291
106755103
14488184
107629643
60496443
722142800
83343723
1260986623
1619558460
192100905
96353518
1277053297
215178447
5982812
1495556209
39219051
1418352572
107276048
108004716
102023420
1127448120
59471139
739797576
76283293
35671951
80762994
1247982798
1445346116
3900321
43652935
119625054
1540953314
1081239996
1526432959
90648703
1485089070
253965009
151106404
450818392
17093617
67245511
899833423
3676661
104088533
86291462
297305036
534033623
100723283
139018433
62813310
910178996
862947708
59463454
10470552
110316744
291051040
289848685
5079021
1460970288
1457181416
112968283
84954199
176867668
136106637
311408522
137612556
1417051346
198128673
1392101178
89676788
147964769
420326943
383252141
158316289
8748762
91391927
144547058
19187081
584522701
257389990
318207633
152619621
215106509
62668558
269998570
1323682633
1348279621
134179074
516269391
590049754
63433899
172610877
418836283
496738180
1210320878
62246346
323729665
95903108
1280581970
1273282495
187414576
244434354
14943513
1273942350
14507051
46117731
332965063
583321610
856091113
383009521
1270320246
94057321
192185797
71526208
438556741
296331370
103439839
403761969
272837282
1132328210
41381516
116455759
606025280
494694653
94227049
121064905
162571153
14866903
1220082961
75682357
185467311
6808912
118013125
192551923
258228352
189399312
93541222
179012269
630390180
427047199
968379834
124997648
730990262
110049693
81329320
761243689
48747365
53357122
185814139
66917416
70076752
200797668
334418030
171787238
159076782
5641072
5680172
158926475
153771370
220250678
133321863
15832439
313938495
605097994
396593221
413017780
77983494
231077040
65903603
803135100
103192385
70255381
153358720
975194611
130124796
232669222
72237953
157972915
43957576
591372592
714210385
6991802
972105614
158538058
85046100
961624796
1007957642
57324448
99010766
550761630
591484523
172139037
865566745
113985452
262615962
63161690
570073635
865857606
274358125
313108105
540928406
408336941
143308476
231364282
812036778
5736552
934276952
115692327
107888171
929102420
587086996
860712398
139028036
526310671
286684309
608936864
87400594
614940602
288524068
432145860
38861454
92578364
106644874
626060192
483894735
30326878
566438943
173907266
110886357
153368946
38185239
569688351
772841426
747341917
703371474
297130678
30181094
14407988
70277784
478436035
361243148
521916042
552611475
130329072
772979528
110636840
14487218
766026229
493128826
298607568
232758473
594590598
125017461
185101990
499738409
472751695
401244296
197495659
81405443
752506921
544938337
751326504
738006127
280339815
146737513
46787511
620568737
509611372
217667719
253480841
191366957
636856236
636817723
254822152
46061774
51422719
92686391
593737171
235222809
8196152
189715990
333052952
105377580
142170757
384756544
271502637
605695639
423462691
44857913
580472661
614547138
11441052
304970077
138715141
66296908
434753653
50149491
132536937
591488900
110620410
110612292
585824178
228324736
598179904
261083684
292763387
82309426
69292393
30589769
546573342
137569381
128780229
58399314
15339318
156944442
108550070
563522184
114343782
268018072
267457766
376780403
91812452
145143361
555145042
90126824
139069663
132876732
93809997
33704129
525315826
81787193
192779688
3908011
60077449
121312102
239742347
229625613
246573124
513771518
319943633
115852594
104136814
533001912
14059969
422413794
99610851
115881944
498544658
109590227
478513159
500979350
507013449
499449735
194857316
501477499
378353463
498620408
299025539
240923290
449274423
472767094
170959945
397860902
339383991
402212624
456488219
466379069
33186296
15686614
213221402
230644184
77933618
482840131
301933930
89558665
230033611
135837699
453020565
453103192
452954659
3279441
121049485
31850644
328839607
130503078
433718702
452916879
62295133
67827188
398647393
192637561
239092401
126310756
194927724
85675858
50275563
265630748
445404001
447109366
47830546
51256967
186708240
386925283
5549302
224505496
346102344
415494273
282743491
309628515
218698051
397820398
314923290
276333926
336382957
432356143
429646017
100160435
424206442
154567114
419299535
399902319
89204928
138950132
365253895
420809557
238945275
177315963
216975346
171901916
212209882
409538311
8677782
101531686
419511462
412229836
191728700
387964916
4041051
90810655
270852248
390036426
74735043
175305633
73003961
325683325
5210821
294630982
280162222
276914281
39528661
254930672
93666465
241460163
77218756
30586004
258353580
54348997
403910526
397055917
218495519
101491267
234193476
147461287
213163950
194745551
188214427
219121588
145816319
289146616
82529561
379514036
384861428
302209597
5787702
82381680
45571338
309923603
89074569
65699541
105136891
131834940
192893997
252931871
372610407
135001919
135098597
100184413
278071110
52021184
373088361
6106282
107723434
100868785
39045042
17044343
20313216
112655055
334646217
366155548
310185969
230129159
236264969
44536322
204587113
28478502
151466491
155877422
345156948
299994105
192726319
188672323
119710810
307704848
338283010
324693852
61493708
4119601
311834773
274977614
155482189
237667195
83015937
199546206
87661470
257307426
101243461
38801332
84585706
119579751
74639132
110895649
42566884
3977191
324233532
139421972
314345504
212851736
312605161
11503632
43648801
288053884
15602685
6070592
313825006
68154741
140826197
177203929
76419395
112427744
251862235
40494970
252673257
158030293
302926436
111457029
294040242
299693626
88582340
158060758
300125033
130548437
167636102
95846031
91101497
18599609
92183769
280888203
296052343
31634798
8977722
91733789
157169891
289583097
241478051
287450158
199545685
107108420
262132770
159086987
253951762
283916568
262649924
173374918
227249530
269130219
126850852
146088897
110501949
105023928
113028440
132474060
273886192
261564695
270175375
75765671
202561236
231056188
144982608
44548992
154367900
222159080
19693016
14817108
234411884
239627773
262830735
121626007
111860532
260093236
40369805
48413640
135820771
255917988
257910792
32269139
159402059
192145114
171812560
66337176
219995862
254162540
175510898
255409085
220001479
114149059
99526861
254439619
109862253
240752277
56678405
240966219
93406112
126565151
41604845
244808931
72205483
104052272
63180033
246841003
235281080
183035900
128072529
17080651
63097265
63374665
19800538
227864558
232507207
97926330
154455229
171383881
246061645
125747379
218378296
197701196
113050936
197718595
72756505
242306400
187445258
62871989
79353245
30796941
6375272
235845051
45551245
14712568
5370182
113629717
217340150
29103653
55781559
164594871
92502218
14485077
75765996
238368694
125899183
72719348
234990444
236779095
120645019
190597257
222367334
137283751
125223181
137941697
31526879
202032594
227010716
15120509
143384093
87123404
69003534
145975357
164057953
170939663
101150986
16639388
14352346
30399093
74944661
180707714
226786999
38835299
3309511
212155809
225788736
115846411
15405138
162275261
36222919
114561196
51368839
117769545
80144714
5523562
71076628
51591465
183964462
15306073
63357075
97231583
72271401
187029377
168707803
138002439
136568756
167373185
148249708
156490882
220157609
136367329
166051521
213969110
150908909
14526694
15437895
104377934
96294680
84872997
215281975
198034943
74106868
139197377
36510721
200049466
180395301
197671362
187886970
83132395
30177763
79100830
66573699
152585619
71839132
98525352
59475827
87976607
124342965
171723230
89469766
45073295
9965232
63857680
107955092
128836371
15074347
50259882
193950724
38851861
144168516
167320728
137915633
133112552
150598675
179878707
197534686
136535091
96879698
86250515
69005116
38951612
3965221
85996135
127428195
193211788
175335295
135167755
13349322
183547288
72196454
137555445
118100171
61701776
153495611
64147983
5782482
58494748
69739038
100744009
194119065
29439338
6067302
154823683
190270899
94580228
135681485
56420838
187901668
152185854
163912504
186699499
147779570
114930286
17856897
191846237
20215725
129818698
114470887
113932443
170358048
142584570
44039943
105510622
41517963
42372157
130671401
14889185
177113076
192882702
95822526
192839991
131103080
30234932
104728253
127592642
154169103
127818339
188115404
187158998
75963417
15916679
5632302
5959512
34302069
101601503
120786295
5400292
149125031
99723793
4322631
6281032
41052533
156966459
184285142
82571078
119036624
15242643
139247268
16667646
183663053
77460362
88671663
149452142
79913768
104130579
46888976
15700194
41139485
71267116
25489320
70584276
39900623
32793395
94724921
58476462
111303365
6994312
49924034
181510420
138356043
96351642
147493112
143299930
6227302
23266042
117982967
25479724
83155508
124382749
163858871
108791840
173118713
142846730
70060726
156108782
118554923
150987595
11022492
92017179
161289474
177448764
160883024
15967301
135032815
161931790
128150268
147777238
116929025
123740041
62723105
111640234
109435912
102194292
61447905
161105926
154502172
114475027
114931970
83790658
107047828
94793625
37194645
117659502
88152749
137270769
158992298
48352689
147235601
58108432
146831144
74192966
121376037
111885566
136600285
139984781
169866793
133682554
58985091
100401235
96310672
171049539
159387067
164174563
95789253
53697419
171072027
107958361
110396085
139016496
140941487
46311413
4950991
82834736
168980167
71807714
106337256
75358115
136885755
103787048
16082642
164686951
18693765
80025859
5390402
94804948
56014806
6699012
9539322
129417079
122067813
113913606
161239474
147785149
114204512
25238435
59396414
16932445
162900717
16446039
53798302
38625237
84837349
128186527
143738836
132422165
115389926
79459553
17124690
105725148
143174831
159635570
160012610
116681297
59908354
137257731
96086159
84289657
94101756
59393371
112477792
97313691
136875711
76848991
116929356
154461920
101489481
128642577
36826403
157275559
53322449
73415410
147840756
128796342
58162896
20681272
123993369
124015308
70231046
143301548
127490619
63873129
5377832
72781897
125726458
141209399
129146199
94754676
130433527
59282104
104092605
49153320
14981206
135146732
92672485
151311993
151130309
71233664
122083981
122940034
147009905
84536442
119214439
143290353
6519322
131374665
73607208
48349700
5533312
59478423
67506035
14919909
24665416
41585181
125605198
103860807
92644230
112584153
24498372
146727982
39753610
81258224
108491962
128585366
18560429
102330256
31340438
133521464
130399308
120696116
83626556
111285132
119063267
142972167
144802713
142123906
139981222
63028915
43792954
135245304
144070295
81725174
21360621
62990907
108343463
125372838
129730394
105814033
78231451
91923329
88616109
140650115
88564423
137012101
135019326
131492863
62907925
15657936
138502679
97172368
89749894
108600294
61082514
103783110
5000981
116705072
19818409
136271886
127798677
127388684
122629412
95394642
58715983
69881267
77055796
134376167
111309211
136517928
111771720
111561215
128053403
136178469
112920366
128620335
122337460
82284978
108825427
61137569
134696477
126336267
3798201
111216516
112150898
107126346
125304144
92915952
108483678
104735572
95831719
99039318
132156473
101191456
87632765
103810263
114625629
76521229
133742717
101497690
114726874
94337786
24201804
132153521
78669679
94706987
68809005
95312342
107266549
118066466
14138921
48956484
91150281
113249677
115639376
41594387
25066921
125575751
102000189
125924971
106063705
120038877
6177342
114606977
111336521
14632066
33694913
77753937
124464437
130842975
11981692
127885857
40490783
69793346
122033350
95135967
128752045
110622478
114166068
112414385
19344740
61523916
108494780
73276367
82905540
88426605
128810744
52779873
113671447
103017074
124152125
123278943
60176294
107046888
108690540
116411006
83048602
3967331
93560510
102340649
128026412
83805211
16060431
43661402
108447151
117402409
18404414
100371039
23689707
90655763
106333445
123895909
36299709
55242255
126782976
120959426
93508057
126048710
9671202
46069827
79482696
79738261
108316176
119604841
37673830
70381555
98560250
115056018
4171231
122968366
58379408
118645096
124043023
110422475
85771258
112372989
113027753
122854010
116407846
72189363
98314739
45463664
118555103
118638390
61763274
59443194
93807428
103901097
50694344
65868262
40271506
118748613
15451189
57311523
120312685
108815678
121067965
116317260
92225368
107889307
96582173
117350924
81822803
80188211
117037828
107299492
83491512
108940974
74695507
100144786
116672648
106556016
110052665
59226774
113495280
106093620
104103255
115559900
106360935
118292035
99864021
94582261
96019330
112722953
65862644
93405034
93033822
36648089
112480180
110156627
94021916
93086030
112437769
114064863
106395604
14358716
54170877
113955013
66271083
64866876
115552409
105072770
69241126
102620524
90034966
111533345
109131918
20771771
19324078
77518918
100967268
58607262
5676062
107228789
19820548
26128702
65400499
80253691
103498802
14903477
5729482
112060894
112656428
84042211
95205701
99220593
99674443
91541230
100186763
88420980
4485561
81351161
89359741
87911083
4136931
99672649
109763275
4326931
109170294
98051922
107954355
15426297
34579001
4001371
79612803
94751796
68352487
103446175
66636474
74930513
66143431
15721090
75785192
109548912
109816618
78409469
26777636
80811854
4152851
90591293
98318522
107339836
35983988
95793543
97203548
21641182
71241947
103886781
36921533
96984924
62072785
106659662
89700138
107758543
63116707
94444453
106027098
99667303
20836188
53904203
8195652
57871220
75532152
19470759
3849511
24362343
106904747
106859465
86938836
90850703
75694618
16554514
15609332
10131572
92697238
103472493
4411941
64198191
62524246
81858490
6283192
22866404
36462316
55780408
14626423
5193291
6169032
5484892
22918286
53646010
15674004
48319911
87028273
103391457
105308160
95817563
69620222
53290498
96589558
29172730
85811704
19568098
83531347
6666552
103788977
5424372
54482556
94930375
102374737
95235921
86325638
99272979
79713831
76674009
95544488
100286118
98263732
95381609
96306094
39437656
23323879
91315136
81281676
91287634
18673903
95582892
101448295
99674558
94519715
100713155
84540775
84762071
96944746
18734086
56928206
14671546
90453437
61443104
81896441
63741467
9377442
46035553
82834464
93597944
95800205
84670215
19949908
87365277
14522140
59984937
34645727
72833307
15533047
92757576
96950242
30768310
80994327
95195282
52640728
65337070
51025144
49187406
52437549
74423557
92051673
90190210
82779176
84588034
64142153
60347767
81782497
78814959
91658162
59478909
32404575
90916844
96110149
44613600
58474698
5618362
84544609
90037944
95184011
71492373
61727833
43716220
50573786
89202852
71496508
3837281
70886991
7033472
94569231
52539103
35104514
43876073
28924439
94224424
94589509
93170142
94456270
67002880
79338716
87457159
90858703
47530178
93828031
26740351
87383586
61995566
75032014
3780531
84022107
3749911
80720992
64863205
91335922
16139771
77899511
92516241
60565956
87405996
78899035
61178872
91776220
69796998
89203104
69886493
29974663
87167084
7796422
33446220
74406330
89258640
89973599
81300113
31654148
9431032
76997289
53554194
14636524
34544857
56573753
90961026
90122298
47281503
16680557
61665772
43255797
60176181
73883218
27658153
63841165
8998472
59126620
89493080
61549180
57364870
5479112
48597918
18429383
87960682
57320995
70348720
84503328
80452192
70264373
17088124
33644768
53625347
14488060
82537260
67833831
87463221
15629984
3981111
39007798
45778824
56323025
60766150
5745872
85748664
85894406
81763968
74643949
64931300
7229562
82807169
54356840
82827599
3828481
20371968
49931946
74653230
73880982
40423539
45510267
2604941
83128819
52612710
83102605
391343
83106548
4365941
69016223
70285557
80528899
63941756
59723853
72537868
7762702
42565449
16944812
74154674
16065725
81364327
16734145
57628054
72543318
55556471
52692460
71778968
68910490
59378544
35998505
7203582
15738253
62433833
15794391
74024226
51527811
49335321
16884601
6174692
19575279
63138885
7929372
32192259
7430252
15305931
53585554
76733955
6517232
42434179
4840561
10486512
75968279
21625215
69264066
36269332
75524478
5559252
15823073
19178581
34465436
6220012
5068991
63448572
11919662
20822918
15051218
62941621
25679303
16296777
42592010
73215060
61711177
74078491
74104978
55511624
24859614
73550487
18009413
71659972
22095306
7586632
16166082
51731299
72015321
24136874
33567906
5466712
45621877
49065957
45608830
15331367
26959548
11938282
19329098
62728632
57588261
8613972
25954347
60955881
16098867
5616952
27006570
16415721
21318903
33343246
20232620
46331553
68991618
59442675
14857378
60049168
52928994
58715205
3290711
4845251
45141781
14487396
36891997
16436658
39284142
22565133
40682344
18551411
3893981
5704532
62328163
29445006
42532701
18903212
21465430
39454130
36227502
4579181
6955212
11982622
5698362
44417243
66321551
65910531
9137422
44510063
10054322
15797125
40718903
47451556
48960624
28192961
17323329
52677082
16281602
41026117
59734866
63915878
5932702
63760675
21468555
63297797
24507004
62766518
14119989
60993984
4327961
56006324
7402732
57617070
16362976
33147484
14485767
18500096
37197637
61617774
14755735
60746642
19380372
17920477
48913694
19239156
17267222
35438375
60404443
21067167
17274092
3401711
3861751
17248244
18074077
37413224
56416313
6023802
55807939
5103901
56116182
51815682
6054732
17011675
56331418
3841381
14279599
56052608
58712306
14485492
14080392
58100049
42203606
57411297
10659772
43062275
40225392
45598960
49347967
27389312
6062122
18526145
52862232
28574590
38065698
21075319
50007404
38830374
14660179
52710750
5520572
52052891
27251869
29392512
53566055
38170757
21871466
52878482
40535612
9417672
18283099
15326114
37484501
13003662
50957528
24352504
51062105
6206592
49592891
50095160
5551702
37661880
49577658
28581301
12187532
5801272
17018395
6309682
14599389
23653016
31064176
41854922
14928503
37731547
45803266
45079346
14879992
21010474
21066474
20299473
21721295
13482742
16271611
40805997
14771825
6005722
3661821
18586159
5593842
16024060
38833387
42524737
35181009
14714296
40689462
30225278
3902021
17355599
12314882
33477035
14815717
5621002
3856951
6887702
31308710
35421985
36942952
8741432
36342719
36005918
4668111
14369662
6000362
17010460
8654912
3984491
4554421
22460141
25633456
14673411
6234682
7043112
38556729
14845008
16966436
8779712
22253285
31777816
16130362
14646289
22291240
29124357
3872441
20032147
35490435
28768608
29161636
35440550
21859240
32450918
4608891
28816114
4098021
3603741
3871771
6490912
6034802
32867042
4118841
4138421
5819982
2334761
14320261
18132880
15240547
16888354
10765002
33187091
19222246
30220361
19588220
15205141
6241192
17993724
20592875
15903946
15324303
14050317
22907296
15424497
25801492
14602419
17580840
18540071
6089672
20314697
12969852
