708499474788691968
114636579
934174134
1101424567661154306
712931422206607360
1256766430717939713
232375510
1228964222119186432
1156844794628329472
715009697397342208
1063817166175199232
705011172051791872
1192295152846430208
179120947
2233751053
1162527548380594180
1032598583587946496
1136949938988838912
1071959892901031936
1057258754033410050
996684776332394496
952826700894621696
1096208514224087042
124421988
1704740346
1070565745019383809
767339972496011264
445296095
1056896886882238464
784017541349814272
243682111
1481819310
571649732
964107249554571264
68959155
1023064255862517761
754959049
935732734747607040
136874039
213062707
3592371973
860328247782891520
717887597100404737
129863749
3321399421
985854161131458560
1015107086
2841438067
66247936
1031720641416724486
991325339056943105
1026004406779539457
3014066642
911888485140783104
2709255187
1007197275989217280
3036023251
974291482583552001
852545053964681216
288750062
131473904
818446317743542272
784958153431453696
65818871
90387150
815484704845484032
457463016
735361760589385730
784020986567897088
38620203
360347799
2904106429
122555283
268002142
4199408052
3190807423
3615539712
122283625
1552215062
2548791020
15642671
1931455902
34607058
195761279
452792352
113790056
46588298
163159932
513628767
181463873
238849383
140881473
543373533
376672796
568173048
126871429
54472025
450362030
137890137
153504234
378992205
59371132
148618624
132835522
194486652
63156416
227188999
5706232
281480877
83798357
240131225
93873344
218528281
128496517
170202575
179777588
84209825
84539528
4759081
140017639
120566746
138969580
113359578
84996388
82649245
5081751
112635389
121596232
93806846
157708872
94802845
4353501
8076992
15653799
116329474
