285704370
46479815
63754604
1177069761215135748
1225345101070663680
128125905
2958581048
2368664348
1291304471155208193
1218712966838636544
1132649122115178496
4793991991
778125662854995968
1238634199109619712
1300268023895347200
1330841229097984002
1616033384
3841108787
14978012
1001065851930296320
1315843598047350785
1322355465343262721
1118163987017785347
59360111
91733742
109423669
1062585214088540161
488979789
2255003503
1326111213806256130
815876770419253249
308979246
1179286189
109489119
1245694079985315841
97888773
2416808030
1218425662978945024
1295603316869574662
770221993928994816
933332088182390785
90602743
1298509042290065415
4567405214
1248777299807203329
2965053108
1083984138309271552
1263513558953758722
64911345
1128967864101163009
42567091
1149788640056188928
107077463
139714993
234266333
135968360
1252212366176948225
1302412245373038592
915921529493270528
52624085
101908654
1252093356512960515
698890316485517313
1292633281008029701
873339792481697792
922541888
2743962618
51932020
1137682892438495232
308507466
1894181840
1289698415425671169
168456282
820451824310231041
1146587179302309888
1255797017684529152
1093159938849832960
1319088524671344641
3892001
2645698802
1115443972845891584
1002532614551425024
215678653
567295010
464394378
5624872
56673089
107657774
620183539
9471952
1005812186738905088
761243689
1316031497975939077
1001699832
1323657086
127353148
97220417
902540372630319104
1301131533890191361
902312392310145024
867347214
1312060671400407040
863951154861940736
1312344197186248704
3107444521
1044603958134632448
726447936956076033
937508826089119744
249253647
2531953862
69523085
284380733
1310696352335052800
1288872654187847680
3029588748
1267018095169691649
175157106
1169141449289601029
161656107
1187294519135326208
1122499314658340865
1086359263
836895931253600256
2730681026
1029974073051234304
1050790258692898816
982968232838447105
22923684
978972468172922882
962995801411616768
911090097742790657
1309762651719778306
1188346859070210050
732794615468818432
1309353096129032192
812434117
1230808964310265860
1297788142901067776
265223331
2925648009
1001332846919745536
1285143036045914113
1204616869069479936
1268082901209329664
1273284896891392002
2230225616
1218764675048865792
1054609955188142081
1195737927252209664
1070229927893491712
573705509
702056472209920000
1040221850385543168
317894879
728898777440911361
278586019
162065769
1084072475774803968
1285357053058244608
1242207340650098688
369509312
1301689544048177154
21793973
283453608
1044108223559528449
121936004
1021671323129397248
1137879334838865920
1053598631859638272
2473270964
1154394426296262657
892366130546745345
15097441
815666
2927917376
941392166
198473787
3013409508
979608057289195520
1191890655271735296
63650894
268606431
1046004238990508032
746817781
96097881
159280786
85605161
1278525412113448961
1064321552819208193
1040228930551070720
379103812
1204928678909497344
264635045
1138741405159809025
349756328
101399909
866799655
50149958
18077513
129871167
213351843
10145862
265380825
2256007903
971734750737006593
907448740461535232
905733919818973184
2335257822
1258811521783627781
514242659
146594160
99924478
1943859816
83152362
1305538947355877376
1276066242873274368
1086746954468536320
1185548250759122944
823897978792357888
1304821149239373824
1143920424784257024
1236115420018397184
1303519323340697601
818845885798854656
74336462
1202076488327147527
1301530638491611136
1296090361740193794
3102332970
167006928
242743480
1276150118278979587
3069434772
543171102
1123405212209696768
2909056044
1298660715813728256
1164385980427587586
337543258
1261941394332999680
466145454
302759064
856413024952778753
1008310534196740096
623398896
710020494183936000
240138378
194379890
635485675
810836368117141508
985182818870280192
1294177415011287040
1220671199174258688
2739828990
88832992
1383921547
1284772679011102722
1196389873348792321
112400542
94077421
2539085162
849215576316665856
415255851
978190371724320768
887544341589250048
1288695748213608450
828055771707432960
1256710387
940901779524349957
1599714696
1233954154772516865
264858298
1098115082079240193
6797422
41044847
1165585512
132498680
1285370185172443137
3219247166
736569371737227266
3610501
1244648972783742982
4895144564
610085293
1032097722830995456
20415447
934973857856765953
1062708678464163840
804469571042189312
2615559836
861202338
934939218329026561
106639960
856427920423657472
45450027
1216515759486058497
2561481397
993316738132467713
289916828
2407108009
249109703
2925386258
105279696
1009118636076777472
2333522060
103286566
65294401
29969395
88851508
326933879
987923790444118016
2220755456
110746406
9915002
2260313342
2254891356
801627673
4015603093
777463138006347777
81632833
85056980
1898330882
849267044755226624
1283904229820645378
1013765592396939264
1140956972759437312
6251612
898233885485547521
1251774962823651330
719079634109800448
2492181829
1166280926
540907775
163754831
354272423
856323991677542401
4901892691
914721806635884544
106404225
195346806
2568118488
1260772069114966017
585940997
756891008864964613
866312538157228033
128894374
112501296
1275388597420482560
2467101306
1043196168
968467125609222145
58995624
1273556469942607874
3233260262
778159382639079424
1253645101424717825
972486835258630146
62563915
901434978843598848
896578930852810753
796914557461508096
331600745
3261278916
944767640551047168
814256253224353795
6195242
1263482889657659393
90408551
1267427199440703488
911256189962350592
995263186520522752
206206574
1249224046954213377
440008603
1262237518965075971
882971093840969728
3616355174
949927661366796288
746378293906071552
1252436085172363266
1256381575727464448
3645902054
5946292
1007328173145485313
2292801901
1257549617853390849
335781821
1256659661572333568
784066939425427458
1231686222164049920
135858417
771422723742457856
1258641853336838145
1010817764032823296
1125711623346241536
841493145560862724
1247824659904491520
1240999928429563907
5586832
1418437490
1039686680138145792
23899737
772313090025136128
1250722722071511042
840896217332629504
756125156439830528
1115151930131603456
2413678118
72776074
848765743
301873139
3029678415
1230833481199939584
85841965
1047162518383222784
249633778
7338742
1211941622
940248246726803459
11210722
142721418
99192951
910768836206460928
1072411548281229317
1238825668491665409
517543009
563834381
10783782
3147432924
1214482062
313839961
1152821659373432838
113305022
7845022
928852762455969792
1230056001912496128
2895023234
4738963111
1234829610795200512
819842585904586752
7261102
7029682
1232707182224785408
61066771
3890107393
2583640405
1146337700460429312
11472292
3771080473
1319549442
4617995712
191115173
1039347136851206145
112549420
1120381645075259392
750695685230473216
1097437290404540416
1080740017452900352
2332931114
1219223346115538948
1227548677444489217
53286770
1214360291095433216
46124164
2283159294
1108939718656352257
1159634821284413440
891204661650137089
4512726150
128145174
1147698575784071168
50939071
710353382091788288
100664712
523313621
1205965361213870080
1100464117
1103449458870632449
1028613201569579008
1111619489659928582
779535841
981939107789062144
1212625621618024448
758252638831992832
3315992347
1186933834589208577
1082192590903009280
422240919
882398028
1114655632936669190
3071709120
434588458
835368106386059264
6276642
9997222
47974499
854305669557567489
1210452043569094657
369503766
902914559098232836
195328901
52653043
710043432094289921
1014718413548081152
3222178574
480311956
135847865
2798175097
71468348
805053696157487104
275340346
1111634092796375040
2409739165
131462642
1689855110
1046666281305264129
106655216
1331878537
1014025322
575526783
960092061335568385
2210904134
1122618828
97861033
945146916156850176
2368759910
907213781695991808
256511861
2402954544
116701433
203332106
856139523637395457
66700379
827829143421153286
936915496804392960
1035371398997323777
296881956
2710947440
703195964467576833
2243788542
984408496090243072
794872216915611649
122083745
1187649646971088896
246179460
284263861
807545424709943296
615054878
255392825
107005140
929649677804249089
952096026323599360
119712124
1003287925705007104
853963525785493504
911607779915218944
593571679
4511415421
880406673189249025
356490429
43856882
1211650218501885957
1210870392321015809
47805943
1076989195627819008
1057125643253559302
954165461188407296
2835299916
209272029
132897050
1176838412218712069
967426237
1153272960913833984
1193148144948629504
781472905
1061970525105385472
1180413642690322432
1198948162632765440
3187316876
1203215222825029633
3119632842
470867275
114485535
1222516364
1061306684054728705
110106675
102944536
2757959815
1177086829301862401
636066950
1133733662732636161
1177501303246688256
889755691522572289
1195589299757936642
217489923
223130260
1194823746537717761
1194987879245565952
119431879
23734870
122521611
3914912532
3812581
810654049502720002
204161553
1152279866907062272
1185023053907910656
1188786518627737600
1100735418142617602
81776316
525865633
929674144509181952
997342343735853056
1161625313622687744
1172449286161719298
85652128
985130133320228865
53058927
1150057094
15055028
6700032
100944584
136325588
496883679
14597869
1179908438035296256
926662763170033664
1139967026150031361
3076167428
149516026
1140257787785568257
1131472652869050368
9256482
1112224054839148551
38016037
1013701282643578880
873510455494361088
125896001
178567797
310911418
115893266
148750437
4113336252
746703939391787009
1152228342722023424
1124164049397141504
2163019015
786305454
16374943
1170684936082247681
42832522
139662102
844959752425631748
126651833
277943279
110678172
192963962
716278442325442560
942954858109321216
133118389
27186555
908869846669987841
2402845123
3011988318
2715239010
3143167087
710115380711202816
266655143
2202391891
2263562743
962516321064828933
1109727371181973504
223053773
892956983472529409
469194476
48629326
1156020266910150658
2834123094
265444396
3050711329
86264994
778952023949451264
14344265
745264400
2481898704
3065666784
110312225
93987808
87462865
793128359966314496
1701363084
80033929
45458874
180733463
365867140
879314004954333186
777019610075803648
115623614
132357668
1526200172
3010140578
477463128
309108168
2181831176
777425806955950081
931862518154256386
1548539845
822421547151335424
826771547767476224
864631286026993664
7883672
191452777
3325292017
354236096
914044804740259840
2985779064
1165788220065341440
3972831
3326321
736437563364237313
1163160552769642496
901386454949019650
1025588974503440384
236854749
3024833329
1134778357
117449312
2681932608
2413784437
35187177
1153686575898750976
1121026630359502848
520008720
1701340890
1349009766
1149231259916238848
823038741090402304
199904915
867922467570032640
1138631475023060992
1097112744799686657
1142617041104330752
108823729
302146911
757805385201758209
938719863958249472
107347026
1123941450478022656
53096214
105377580
1023119749071269888
1140498324966871041
1097727605384478720
129097049
1256382925
1137940566711316481
924472105881632768
32890023
1119125044184014851
166964928
126506081
1121901949555634176
1110158277571022849
2524233528
3196833576
1128776178376986624
2514441090
14507243
880652522301657088
186004834
1143487784293785600
2833162855
461120457
25665043
1000950162833862657
148615587
48747365
908157253353488384
928275898125639680
82754167
850249133545762816
93101868
910762479596183552
71026223
1095226902
101011005
866103018596442112
804913768643706880
1133606287260807168
1059362903424286721
38409215
814826695
836897385469063168
1374257503
331944530
727001261803884544
471788378
14487840
5932392
964388193448554497
1114180070690545664
3039873116
1100082366687539200
112600409
1066149239636426752
59363960
1003972944270245888
82385711
1131952668249710593
1960367904
1094181763
17863540
1429934852
306902915
780942015542419456
1128245706668437504
103874547
2973862166
866886532392566784
21650809
141365845
840950295534354432
3275633580
239292281
1124482366091583489
85268105
2866811234
3075347029
205604967
2685415760
897714641207521280
2277447673
2543332687
1524517519
943285314
381795465
796371697209180161
15978585
189823409
2597538240
479500816
1021391153629822977
96295311
2878362170
271423430
1501501116
1095211536115617792
157317905
215524958
518680412
951684883155369984
2703768811
2377405662
412656772
50857108
42307577
90305100
5056621
225799286
14835913
205518706
938282653106802688
1125291776158228483
976512378555613189
1008529232035606530
482160559
2812392445
90494347
14510646
79646393
4434371
592593391
396737294
977527652813758465
83634337
2686628143
2472868406
1073062112014913536
40590547
378361293
115300304
63110897
1484120610
3194044886
1123109913520005122
1114551135069556741
131163803
22820263
2373626185
4472051
822783178427334656
216255292
14789018
990846355999412224
139080794
1090624379405328384
84300919
125642002
957594200635203584
1122548541560250368
3164293514
909443036496617482
2903046432
96699741
177511047
60350882
929889360547160064
987721615365427200
1001558440051789825
2922721
3776303292
1051442548881817602
799192658014896128
51657331
4741514148
1108633364867629058
136647977
742169642
1112400289905041408
2395977092
1426761368
1105780789
165050963
135942260
111494123
2545012746
917298390823665664
1947809120
205981383
1087372183775531008
1095502635807825920
914392791836430336
145173104
137550817
125711655
1105540788048420864
107276048
846585880382865408
4902027709
867975534579392514
4207916532
112187634
1092746769694306305
1000328565701787648
240625208
1028212768053161984
868126323918512128
782436320647847936
824861313096577026
771771520284659712
1001367234311155713
7558072
826342697875017728
1089440095919165440
808574324504264704
162703693
1096749937616859141
742915739011551232
789702162855014400
72752314
770236320018903040
743162960072212480
404807140
966740732730986496
716055378
983248191398137856
106771434
109212874
859993752823373826
1070246925264277506
142640612
69329243
755728
33811580
976365703862218752
140025611
2920960087
2744516378
1090976455826169856
307199132
1875425748
164518521
1087381141290545152
869935260020072448
16886524
1089345797081096192
994891758461911043
61384386
343124963
715454166143934464
140171585
107051355
1089549155364552704
147197044
970508989820620800
1011483086830239744
2560580078
486633919
79909952
60957012
200649411
280509123
1046398894039400448
163778454
3018457088
739649359436881920
129105695
98852486
22325205
2177140423
1072499835029250048
736721348538421250
275096663
146576895
579754205
114938283
126054497
163328237
938398222854193152
594736476
332717481
217648532
719862786017374211
112716403
974551470447108097
20206954
771677
758559676573167616
849069960932536323
113325713
120066674
988108293141753856
126588350
136237841
343226740
1620873595
143784449
131032619
1349943193
137631402
1074974716467834881
706518972896706565
936143614316384256
114490438
1702550814
1068835773653250049
409688202
296257775
1024557090352726017
113563257
279082424
147738023
82776277
402249720
1041342784580403201
40029307
916536711491940352
212821284
1474289467
866539624725757952
3238375860
1010148908
29138707
1188370626
195387339
2754869492
1031035410229551105
763591550928433152
140367811
2977032421
82351231
2301659053
635385513
196197796
141179991
1238454007
174477059
517590144
103069682
3220800588
218369896
772069501756055552
1223397632
836605487047049216
839458858586132480
19108797
84735954
13709812
41070259
109839848
271384376
903088139110989824
3389723987
265916041
1055077711520051200
60071048
157563489
919498977250230272
251181781
952152256027140096
55842459
210837452
122609681
2335174303
1024265016650809346
2945072509
146223631
3270754050
835359980446351360
874590476283764736
404784237
2853099450
1010346210476023808
840081190853922816
2881716158
710046391020597248
916434913
2848442126
533187234
1063233632
377316305
402437218
4911727399
1476485630
1031486635265875974
1053629923376562176
840175887739846657
838946677
1593078296
163198948
2982247046
786750191336468480
414082106
625228665
63221223
965097325604478977
701657065639424000
2320312094
1007766786790645763
863697471251161088
1222050296
755409436802375680
1034295288117178369
940880839
590790686
2595453218
227186430
3029796979
111045425
322116499
104471038
44812615
2309866705
3803063533
2870635030
133741398
324341451
3970751
88580205
122699745
1024429938722496512
608052308
30866096
2873121955
1360454899
578788177
25635477
973571806958202881
4131511
1074257800467861504
1002200717413662720
738711560168734722
975969247
178959662
1021964166234439680
3297190730
722016468146085888
4003257773
1072125267940802560
713139094998495232
2316329611
58320508
91856530
93584207
362891576
93755456
1060097734005284864
4855221
3170627790
73161674
395818460
954586723157094401
813435285983764480
43856876
107694610
2309846856
141928768
150705432
144182016
2239020234
83535085
2567341501
547628890
4175969474
2162939018
2906138058
2237496049
128942355
953283315183714304
29397939
1067620608316399616
282922467
1061441973041618944
807934832294539264
767265338752847872
117552275
5762532
926095034234970112
782830107823972352
95125730
2249747737
1065991745207291904
19755583
111194971
4907477845
801054936918159361
765019174498291713
773702316
2361295770
195258772
110079512
929599789100015616
2475617120
3115365385
2679775099
395937033
913444157166821376
1021354101085388802
1017932028002488320
1045358688968486912
848750705682685952
173008705
824994612527788032
1045604920575983617
147498670
947713966465155072
127496968
312092822
121798741
114638514
265852399
765919895674580992
2916476503
69023498
924619044245794816
21282035
147480840
75390502
348190055
879564026434338817
1044198453612433409
404628313
973180890648997889
376060028
264691983
43682214
123176909
2949292578
1040085273730633728
839308572156551168
420430964
85310998
69922296
4867631
136843202
3765581
11421662
470797449
290589827
911967607296712705
109724627
810061157226594305
2398241197
3072315727
420086972
335776639
1269332948
2899900598
863440447502376960
761176605980975105
57293518
13999732
850912044144402432
16631152
3094429267
894476515622084608
391388600
221006306
364932167
934370095907737600
1199163768
767629518198538240
888950161547841537
806328749067096065
1062817968
2276243058
781445030133141504
823385949681815552
111336629
1038474477917462530
459032515
8349012
5891302
3304571
3598991
9326102
4015175893
3192715838
840980199705534466
121309461
63044648
1022825758060765184
1056553943872851969
18067905
130472456
982507856497790979
525939200
722812341268516864
760530250040090624
874390272142041088
998250258151890944
85275366
3095872760
381658998
4107878772
81565769
883354109629169664
98260710
1055472920313483264
146364131
11365322
514436660
776273862505881601
1463617020
194416997
825277003079180288
1054252410183462912
1054485432568664064
973504124
64139312
421572501
199041142
783583044930199552
886289034107961344
52704838
15533683
563094317
1032889509187182592
302526964
2236017948
566948005
1259093268
1028959132697546752
47999809
618024457
948751899964055554
1036031296902914048
109165163
1046002430658306048
306837049
4411968614
5451962
38591060
1040244351358525440
881691043963351041
1046594893332721666
882727136
3099682146
105438109
358844166
875664704353386496
388872410
1704957698
236656429
776248558836064257
792179448040742913
256242926
2958935582
936456179391258624
814750144662904832
265457511
318151651
1320159403
42428281
1035684795345334272
738651598251909121
915595146581860352
66929433
1525637304
541790571
1031441600881156097
103268322
102659015
35720748
1033557653241257984
168974389
74937914
736865719942406145
928216878513713152
981551107934642176
32250952
308335103
3466506794
19856817
708533660534714368
109734866
2964885668
197505006
872675143851454464
13623422
1039635185698889728
217702303
984779563849797638
436694080
710871931
629260521
1279262484
625463093
3973791
133478283
912112466775048192
133314607
620940699
3223170318
904497105196130304
128289182
3968201
3036261216
1266815611
1632357590
2848882729
5930252
1091735017
816230111028490240
9764382
2459543245
267825180
218733202
3140513281
931564404285489152
17063023
1023888604429336577
4505229379
404590704
274326303
724741555018309632
1015869237548597249
3109543567
815075764831850496
132898680
39212785
38844920
16325053
4333205959
1612180026
1484131111
1022114915316891650
39529276
1026837778691055617
2819484889
979743484696444928
77557250
969992067798609920
106425794
759420386358407168
4307881
836042349503361025
1024457408028991488
903191959
94318439
30618718
3220124444
903054128
768924644980031488
131166084
131105631
34864363
11090232
841578040337420288
3174476689
724712790
270321416
1083237738
511374570
69504495
107994610
2808994105
110934838
46545687
2561628054
20967854
266431408
902787305546461184
98134429
4442793795
1008451742462169088
75682357
427427124
12770992
876808475312930818
171388160
2427032767
211521094
224221671
3109656252
9480182
2334619477
441485780
4762391
995061801833283584
2540889931
792552833056845824
890741487968763904
2721423516
903495987993313284
66622014
5918132
3717461
132074963
40627492
1008301594700468224
914829373206704128
52389215
949945510223204352
178236004
3987633620
701076903512268800
145263087
4202171294
2676414517
918748564939042816
843641834802835456
3006394800
5168301
1007176025128632321
97912782
14884508
2468737825
2574053502
53808800
1030507590
3116621478
43786128
1188848274
928471164640305152
103318547
1032381942
55494852
461013354
103803353
303233158
21488160
54423633
981514873401044993
197825771
99526861
768902211422285824
696607074868973569
999487268745183238
353626963
125870102
3220830398
93330794
2584212132
118963142
385771697
85513049
11257772
755213587711307777
83073137
755584032772022273
162589700
706769227122741248
14198678
1378601942
948179562550009856
860864781892206592
814497655
1104927116
995264766087118850
805300607712010240
277967194
43681393
3485253372
925037016735027200
107697053
955753538084257792
878391280094531584
109736015
148283286
3303150272
145308797
1560732726
993117611645779968
861787179101462528
434765161
288022173
939571663833665536
149752612
234988091
1583152176
3176519911
141028894
72211187
2328761389
96702557
3015935132
53332929
143393539
744172204179361792
3005710226
776266004842160128
297141474
137694121
116771100
2422019792
233172333
1567837848
232172205
2482261963
991852003604160513
957540913793806338
798693811
189899092
50965212
955727389056643072
860858559772336128
3220809847
747739953325477888
300616254
6034802
3742972820
96470712
178747182
944397865153019904
2927939269
70866644
854849252161314816
47573612
181974299
29182183
6670662
128761939
77357430
888764660412841985
95151840
980724870689390593
759128082640809984
2318761010
980228005527080962
239002634
68913883
960165737775026176
15749336
899897848438734848
133916299
359956644
852297131733901312
1475959046
980366090604654592
871022825942917121
20494914
30454633
167029772
3268714182
152361498
1630540039
933779942868791296
191463221
61086354
835442618897047552
2279156046
6143042
3272835408
110988880
134296753
77983494
512712964
2731102747
98126586
710619176
950624486952325120
1036479270
3181576076
33770012
7050172
132909638
3145556714
986260951199498241
937710796561248256
5780402
95632615
43342093
980714302939123712
874156899523899392
102885170
3148958113
149001714
542544247
4448703915
378348958
12394712
79720355
1558144854
29749962
119748950
120646099
742224988057391104
847533824
971573585130151936
106648282
340148328
396421743
2206807363
707140728518877184
777164924493508609
15737732
126668873
134056438
3110233760
459759168
123762556
4064556434
483555243
886088161767505921
1954116056
337824014
794088958808309760
3083257488
139087997
7398452
2573210924
8199512
881290342980403200
501444518
5762542
3671441
1549697022
963656943448576001
136659140
31260433
3018347432
26876446
874210972394598400
159110983
983837825551368192
45525190
977812887036084224
101256215
982760139433304064
71760987
725550014886354945
251983599
133298460
294031856
930660374520717312
19161647
4292144548
888801721740402689
3284295194
853891862867828736
795980760280772609
2540138946
431503104
301476009
73851904
926789337244508160
237272878
900159184955625472
110969050
149827238
15339318
2496563725
952207955746701312
912899521675431942
163871917
1671081937
138074239
942379804019507201
1629285956
885171083522981888
2381861029
847645232552214531
339368203
81681814
62230242
1465860164
153910650
374324546
2414106679
74402370
350230502
198026740
5459422
3287044764
1070354876
49596296
783651527885852672
124634284
236402507
959089605382356994
17810318
39687165
844361509337686017
217371226
936220565492211713
787120088927248385
966156200659247104
935623418602577920
966080687622139907
237195471
956483612471250944
69340166
763971932886749184
18026241
115892426
733611750038196224
4767318740
736423519739740161
774123671233306625
6515692
829336958564388864
903634044600041476
82788522
3168587424
2615524280
341038173
92250466
945505087400460288
716835125141512192
2956916558
931127527963115521
935141623750467584
152561062
930749706468073473
70912272
212795182
141143599
12688442
294132580
1206962161
422496306
145503776
931195405064212480
64324991
1170344624
52751719
1189462567
293937242
59643304
131600240
873964076455444481
523287624
354068619
223310650
82845468
67882314
1180978862
345691978
165093698
818066351436632064
2734401451
5079021
839282227435331584
924948489208864768
99103283
145360497
212191728
14880416
903873475718242304
882458458414436352
845595418364850176
2309350489
399405032
14708179
175894842
106098593
910345592794226690
19578323
818789066455977986
870083084078637056
144299427
366863927
1223994715
122387705
866965112040472577
2506019328
2381501
7648262
905828012930752512
3676717933
903493714487631873
127421293
594637801
39045042
901706665233227776
894869093467148289
154344609
4251404473
5952722
893984204727369728
10831792
46353432
216578817
114418779
1128872005
236835681
760713858214424576
143295717
70425834
14683389
15998364
65211996
107281404
3951601
824264825597399040
220633545
131091615
15074347
14508606
133714041
870130083238862849
46374584
55308401
405410489
870511878283198465
5650022
13129492
14339539
2552032284
2179964310
843050507140718595
205592074
3232000904
788164386544160769
13663462
446937226
818868089605324801
6522862
6150152
17895243
74693213
770276280184909824
108880290
33465413
223312596
4360151
587537045
295675507
702433974963015680
2301233227
222364065
63155139
3745389494
313974722
88481769
175750551
786026899533238272
259251568
137477965
250030665
14489706
95829618
14961410
761074528076247045
44056201
165387543
132188621
16011227
877772712
97185565
3036499104
6152282
2450853121
269998570
119463897
733917324894343168
2338624386
2785141885
1210320878
2979681070
77731359
45349812
3761581
105780625
1945968414
406378284
2601385560
64931300
3877821
2250062604
765799376
3307678874
134622257
4190798358
171850732
133990094
4305665614
308226199
192551923
8704402
3309511
110106542
2898718328
87945993
430773989
338882841
4478821
494694653
3200795186
5652122
93666465
710575285427503105
591372592
2263957530
116955886
121691123
631238331
699932056734683138
706426922654240769
3290711
3589301
4857934064
111279018
76554749
4851666073
1956599827
3236092854
2611260294
293600567
187769765
3237981606
3195026923
100121966
159076782
423777044
80517712
766239979
5889772
235140254
4702889906
147760413
1610636532
616009024
195802472
160131078
83462028
3080195690
18973317
2901145872
458878648
4553665454
281094102
110060662
35501371
55086815
5544652
2676932922
100887068
16485510
71513317
15955376
35686784
1661932794
42865462
77185060
52590190
15046506
121919444
444729501
4323442824
29419491
16281399
128928893
3311922138
142266373
2646727148
312750416
423952263
3272472920
14503750
2909465005
95857208
2435994757
3857201
15107314
2867035406
2664653430
86534437
267709652
234978293
90600490
72471784
18016020
1256391618
95802111
114010525
2169327704
3259858266
106921138
95530906
17230677
559202244
2897086051
703371474
250770540
60833595
598347172
2238526098
132900837
1076817062
330674887
11472052
165983323
373727496
1435386883
2842878222
226250230
134710781
95584682
172929474
2612898242
3223995240
2554622156
152619621
263105442
120484175
69583800
106720540
224154969
83037272
3181686666
2479969033
75788408
120212974
118013125
313938495
240923290
121064905
18609876
6808912
232669222
158538058
438556741
585824178
44853634
2886821130
195763743
3136683397
2563335068
2392306794
62801822
18906936
3063902497
2730888944
45520926
3020412912
144673641
2783679920
1584044160
109895397
5926732
141961523
74536257
1672479835
104084173
139600889
2162571655
1857349615
84944238
136933643
3676661
516511823
266402190
42920744
2935840538
265848212
2733846445
2934512204
63740879
16826699
730735880
82414569
113581534
298207843
436679364
2635861520
418549066
4171501
42808869
952778833
4143771
44329860
77904622
1323914418
1072740854
444452497
5564802
44087406
2243899460
154141230
347890178
123165828
3322301
129492881
2252928541
61097311
442447001
83572521
259110545
55135642
171012994
1471531128
1279598311
108099048
6844882
118095922
4469811
311408522
2159917736
91162601
63623410
17799171
101259512
2326290218
2497854109
70372820
92533660
23046872
117432617
159933435
42692703
169932650
9814462
828880526
80207977
2385415184
209516840
62502477
124182031
125924971
212810757
2466228266
2458268510
4746451
765683095
264145524
2325068312
708687758
2338191120
153497545
1224330804
2277794995
265125394
497942878
16738991
178267488
2243284182
2211574423
53599449
144310926
4450821
76026302
343473465
122816036
130783609
75656466
141760351
715972842
1960642596
41153294
6445612
4461741
47819271
111476872
108016990
54052698
9238472
5805492
1198442882
1592954354
973224960
328710530
144401407
89183954
14489489
428342830
14840696
6811242
124357720
70277784
91812452
14654319
1419441344
1289478632
118326285
104103347
15866756
97805503
140010489
71668336
985815954
978167982
52355691
5983842
9185682
3628001
429004324
236854450
20691327
1181282724
129250856
23179742
135001748
1242886134
22756658
631193685
150526554
397788217
16063118
14692614
12268192
4134341
551274258
8717362
635633
915889356
996371395
595453181
16929647
233993902
777442009
903089136
562553718
493981148
860001283
83344321
11907872
140499937
240577205
3384961
317657267
603444123
4000671
45610087
718968000
14634435
59764893
193735246
51158948
268469563
631770348
95584003
626319829
72301211
90109732
599876752
574567842
604506990
463615811
98151123
39460510
19817678
161960470
117604204
6194832
551375588
385462668
49187406
358978508
57254424
20009293
156595663
100417303
226566539
581772890
210457554
479270361
5857422
16480442
499738409
294035182
565289612
556072028
218338546
306652753
13810082
152977151
5789862
259623268
41078981
494906242
529453921
3391071
99019874
375533668
216772463
107300412
485398745
312502484
126167037
376148985
54216085
481845380
202101483
240153869
61828018
473649042
463313100
70162052
61951066
183173403
95375783
50593889
60861517
437662969
238216413
256394053
17983345
55909625
169349507
429809492
34572864
3785101
409538311
18496202
86945364
5956062
415711812
201754634
49515028
134278824
146362263
90336909
52378616
17353820
70331559
6162202
40378957
14146995
82562475
45708040
41469159
85697553
74099330
14104866
127684081
147964769
144811580
365418644
17386484
357970504
72847048
149831347
212169791
377152070
386966577
375659867
383981797
50518666
370827038
289235980
289580504
360786499
359796663
356735926
20646857
365509067
50190179
76031495
5631132
47957208
102648067
3900321
107395718
20517824
318886349
203230804
291731268
99643068
103169956
316328726
93002543
94086058
313919080
164626095
330763181
288830145
110058836
50601124
22121263
37881030
3826001
326797790
73053354
19276148
63638562
145260806
308999534
137985562
136638999
115313697
17384053
317585006
314374869
3536531
312629893
41656521
9815822
53929093
92910289
17993724
33132847
3586541
280293744
175474577
196580576
5821322
82796314
21284522
278486306
16851271
60549983
261231185
70076089
31573958
125345777
54226314
90398501
89563750
6845222
43531760
6613002
232813239
139233580
10690432
14059056
242244521
252435959
6021142
228667937
259156813
48641287
136292452
5624612
110095511
266450399
129138676
265921446
28064929
269076085
97038122
60199127
268125836
4587741
76642926
52952794
232112553
114149743
42496344
18454587
152623729
91281889
15844556
240876259
3794131
65863300
79107201
58172657
4820851
158060758
149345420
8617232
91493748
180047972
104689413
5688922
31394240
256920105
196613987
78584606
6106282
173457111
115597329
222343087
253432381
41542540
115404931
150939691
246974330
19139208
14928503
229381505
14279599
14489995
9573072
17482701
249577542
14505062
128794412
58123559
240399584
106769517
247190609
17002877
82268925
59437573
3614781
107385828
223467742
85526495
243640906
123099664
152234113
218595582
241568841
16574270
24155596
123860137
136842243
178765014
238455669
185153600
230922056
92502218
14188953
4342351
4298601
137536203
237063928
237153859
195042947
125690808
154980324
14313583
225310731
33555562
110616478
15104685
6891802
219388127
82287361
26689494
16613096
66973275
53319301
220631206
30205091
45069678
15903946
159425650
30114468
87347879
56321153
130386884
19102582
22479885
218357342
53231311
59475827
114373430
228277291
60259805
145741466
54225911
142507961
1856291
121709165
142284932
200156715
176336091
5406262
108549652
59496610
10360232
146299944
16181752
84088859
3595971
3941261
80341349
91923797
3834501
156587116
180272848
68120825
6131052
118608436
93590157
10675792
107895104
4875161
84262534
127356577
4145271
68386714
18762610
71517063
10111162
14508433
213513271
149861988
11241732
114191739
211826957
10831012
4299871
5659992
67320956
181150073
25781998
137694641
90828083
5959512
3323241
22637469
14168022
173792766
20158531
84497365
85649905
136648244
110154216
20354288
82868600
201198085
18664575
26371667
85262553
59411310
7064952
5190501
134098501
161890950
170873359
202304116
45509565
56587092
51722284
7128732
130498026
33560490
133250374
4977641
58162915
105317633
114930286
198365092
5671462
3383711
64995907
18936900
151499932
81256685
108834525
194607721
38135098
20675591
81047318
16925571
42372157
110270525
150504802
58121047
64800929
84294793
8551582
35920233
86711224
6538232
65900900
70086170
96158855
102022063
113956364
40702424
92797621
41317059
53733845
52634146
8398962
38835299
5584792
37958056
165285187
113253837
77164770
9188512
14231291
3491311
47367590
44245509
183855790
120752606
94172128
188714665
3790351
102354983
18430134
3804161
74376692
96459402
2458111
78972267
102247707
88835269
16639388
14879722
3837621
4214931
116638035
87644025
122431966
92306075
87828276
3801801
44059317
111287730
19568098
125687252
112720750
16083490
140061823
14453329
63818744
132697922
14279534
185199465
89899761
19595810
4881131
4959091
13149262
18924078
16420678
8375432
3803621
65566543
16214333
78288663
86446800
127395724
14330855
4143381
86084320
3305611
88842289
55440889
14684875
24502227
6789812
171824856
108981995
70632962
13131692
82555020
57972919
96275492
118645308
71620171
168891996
177129308
14842331
31095884
155526688
113932443
95117371
86553129
87358975
155295868
6818712
4573421
117137836
108573330
5393552
50272445
4020671
55756287
108807773
163291327
3763931
172755004
138984794
68454941
174148247
89183636
107983010
97447720
168588816
161689578
112968291
105536969
20493195
5241141
4462061
114470887
90126056
77092250
15686185
12896062
4136301
1072341
14151449
93546979
82747901
66512805
57008981
62406065
5856692
62765687
104119938
5545702
163411061
40681160
56258409
59420724
165710722
86827904
50477800
60170247
20651609
90648703
15059406
99255887
77945876
68745281
99414261
22903117
90837436
14368481
32836139
4037941
7259662
18017749
161248908
157678328
30589984
157180171
29651252
30820360
21632227
46614412
127395812
41775068
84540775
6484572
39672623
60890173
163351649
6540262
5391562
118564948
16006926
5138191
93185713
6037242
16572238
30191495
54820935
118522948
21381011
57896791
23760742
74679395
9173002
15215620
55462028
115320151
136312658
65238629
158621168
14353120
63411710
105890896
14896252
122898062
113839916
13714282
645173
22879286
147256669
97592118
83090630
4365501
106727667
97944204
58857280
84043909
44123954
21839690
84204044
117357156
93201883
6079582
116929356
123203402
143780433
98607077
43514301
138660754
62460866
11711342
30399093
11390912
131624805
45134237
71266198
80500070
19575279
53333891
150958334
107719332
40475363
16324543
39919000
3582851
52978829
86217916
116204056
12778272
13761862
14527792
91517693
98016089
122362156
155219256
82278009
5851852
48502965
99421268
3921041
127467751
115304048
6027382
110164571
75963417
45102064
146017050
106940205
5917782
127220012
95884248
5462922
51736990
64198191
129143554
5432522
139986164
9593202
61763274
7253462
16589736
66612076
110712305
10982422
45501563
90791384
37860982
135785295
110932031
81098651
55507234
103762623
17651488
20030437
66672224
43012916
55787597
14297996
70099527
5917132
62216330
7057802
34887660
83173876
5423772
44080387
9565492
78311416
6992262
3731971
72778671
16304405
96172572
3847191
78815275
94384961
82002436
74645586
118319057
105378633
80469585
136193126
25014881
30217658
22594031
90582527
72997282
6083862
29959336
95891951
46062692
113593129
129418153
19513129
67997596
66585628
23140759
58499743
125620725
14758718
55354513
14490168
71274591
105737908
88231994
16807715
1060851
22581360
17288482
3758041
43543410
89136498
121216322
3213791
6028302
10184212
6033152
14695468
114636357
4026971
14737535
6146412
105154140
14511797
73044676
5992832
19630029
5980022
19013027
2817151
5658462
108476981
43957576
127714004
55490649
126484930
130013954
98314739
91395567
45795845
20324192
45850171
12187532
6890472
97615097
54880758
64348129
62420287
59746749
3846251
69607340
43255797
16082358
82627805
5911942
113109253
127788272
45662822
123703766
71260841
5517222
12263982
82308656
126341086
127080731
19071074
4890961
3802001
14780231
52708981
7818272
77161735
78381304
123812971
15325177
5737932
14905608
64205095
34587389
20902100
15686614
79455557
74723334
16137395
17085346
92156058
10832102
65558030
9258532
101520709
48774074
16882599
119250583
44576921
81168361
63935693
35458350
16916635
89359741
57928163
82927307
69992731
72049689
112093663
45093546
95817746
112139646
16217369
19896198
69147547
103155248
63938660
9730852
78277234
95893080
79228735
20261276
20580843
68056442
3769351
85908876
115223934
51264886
5424372
93543360
15610384
94070970
14787051
53848666
8043472
18873030
8347942
15093131
12451132
7267942
90833554
113291124
64315605
46282177
20036563
4137031
2294101
3887001
25020809
4306841
70665394
65320922
109204969
108878609
74365415
84080884
56591756
86651501
40436744
4884011
20698757
18594481
52673420
58605755
63607646
16155200
10905372
106138009
83087022
25254165
17712667
4207371
6395142
93734929
109594546
5322082
19139966
93087162
21381804
14223559
25684548
99651013
62072785
14593489
82219315
3850921
69137813
3882951
14252841
3840631
21882736
14408998
5808872
70918484
5712432
6070592
24949280
30741406
81131086
69796998
108057074
4307451
30380486
104772350
11157372
14906343
12216942
42985366
104378286
3343181
28971310
102372315
7220612
9435932
11863522
3798201
74635884
16949952
17427905
4158281
93354777
93212364
39219051
60349233
44743864
92043255
19979348
9332152
20047292
5382392
5700032
8390572
70913710
29369162
65871615
43214420
5187761
17667122
49898224
5734022
75407706
54549569
47930138
91127382
15879917
6161872
4333731
6097332
4671101
85541515
15988398
69487416
19709824
66575697
5398282
89095187
14507794
20657330
35475377
46343979
1577231
5434532
4392501
82867926
4470951
52928495
82005261
82328536
80489681
16465999
5189781
54200859
70965092
67567676
50116509
76234500
75258746
62441885
3987121
72196454
3896001
75252313
17686177
4221591
19567743
16374563
2149061
15504549
16381469
73045612
4469751
3347771
7760792
10998552
4569011
5449752
65856599
57229641
3780531
58754810
58336812
52374305
52667371
24312094
5733882
16247296
3592411
5419652
5129431
4144681
9973672
4306911
14921989
12325942
3530461
5125391
4959741
4960041
4860401
