153734255
338982183
1191033431381041152
1285856332491321345
4294351
1276275170169126912
1290283891035578368
854210040
1185405468128137217
4169150654
327014864
2384276720
189526729
1179922645971681280
177464230
1970933624
3853215314
1081221455679909888
884426744
935125493916975104
269249485
5227861
1267495677657067522
2875125944
1270279728826441728
2417731771
1261595915598524417
3177779148
2259001208
1204816137390739456
930749706468073473
517296808
1026359691054473216
611715735
736045187416260609
1268478881004007426
1265118684546134018
1109638458920837120
1253208542766436353
1245258966726135808
1170835377264816130
382604037
966676253548818432
1318196317
894522921258897409
1182624216
1597878410
1865915832
4313158392
1287576469
2745116318
14081702
1209240569286819840
1000283000511258624
3400010925
1397186022
1212727078459604993
1156720109773180928
3145489238
1214018403817492480
1008701642059870208
198234632
1051783607209975808
2932237592
966138727
3071446255
1102227943604969472
1087702888002990080
115117395
1052321321982427136
4914775076
1005034190344052736
1111417715049193474
113937094
3049306596
1068910977402331137
4311218054
879930775268769793
2895246822
101412391
729170577987018753
963039180363149313
940102468540669952
702789836273356801
2552338254
968276546996899840
1216984741
1043995838303924224
1133304409234874372
1119911213050105856
3072096366
604618032
1073618248552173568
1108402058267222016
724997538823053313
2401002390
1099794335263014913
4750778240
4829972113
1042240738212241408
1058308156579663872
1020897003365007360
1019710838930923525
993323261709733888
2251785032
1032670776334331904
1062244985599221760
1046061325221126144
875851555856990212
807042796964040704
1050300878651965441
937895441332445185
2226007695
1010875247837437952
1033584235842424840
1013785497913647106
804037912182472704
843146719
1033665506841059329
107718203
862552259275575296
877728228734935040
93992436
1029658760262766593
3855442754
1007600807494053888
843274175091359744
1041146292968120320
898838455823749120
1036577126189694978
1040781320828313600
3284906258
