1338787875349880832
1228633831973912576
328404545
1297116689050435584
1326818171718828032
1335616526901112832
927974075867152385
3040753908
872735308864827392
4382361
121102549
1211485955971903488
1139412869693317120
1234465471023534085
1195535607553916928
1237276218187120642
1287902364033118208
1105807594898112512
920150176458612737
1302932552999526400
795291700755210241
1184396838004129794
1278573047163744262
1315538698675470337
1318813652653207552
1127594541198929920
1086047970544381954
1468872302
867315320150675456
1284501693598588931
139948817
6869772
182571369
727015324592152576
1291304471155208193
1322812324034482177
1320717379073011712
1190615981019684864
4113781874
1192393984800247811
1316383224071741440
1208357896368476160
1270221045950115842
1118825211304878080
3102071516
1320779318428008448
1092318876438687745
714999707
1202465199522869248
1313733413610766338
1920951337
1223104216362672128
1276389266927415296
1295260347159285766
1155475072682885121
1328913300298420229
1197764574440611842
121936004
1316397387481448448
1170725222154063873
1250799767078068224
1287975437998596099
1260148488307740673
1317787229452869632
95190000
3159995028
1195693649759100928
44559029
907273233572831232
1259346664378085377
1140392498851749888
1287388101589925888
1302955392658530304
802442726805422080
98994105
208843574
1209491392034045953
936835012451737602
250405633
1293703020404908032
1215399299665682434
95486370
1061436881248763904
407101584
66309597
265236929
995922328662917128
877695356
237028697
1136255563489132545
2450798880
1260657107394682885
1312296027462889472
3237998768
1202481253758300160
2265794251
1294611861321609217
1295130054901600258
1276556689236344832
1287310928204066816
73451762
1314076626213203968
3413681412
1101292360464457728
1289802885899751424
1314912491382599680
184835179
961881303745380352
70359736
1109083973085331456
1251505436940857346
1259426060686356480
1261457358774874112
1187737313180340225
1217130813357092864
1013001019565862914
1243750938109591553
1102198814222430209
1273658369895612416
1174265759133945856
1307904631234654208
257258894
1143528813545918464
1102087335175282688
1286194926259040256
65828227
1297831964133662721
127480014
1225758567069868033
1249964348698583040
1279384671227244545
120992363
1296999131232141321
1114854793724317696
1153467238835351552
956699493373681664
1279165414589620224
1270675382987976705
1275038973711155207
1276318808320258048
1035750110766874624
1128904239818788865
1706535481
4063519032
1295907698068791297
93195018
1151476578292908032
1248597789015068674
1244065668451844098
1308713292488007684
1174529160531759104
4566309074
1197495330717097984
4791868435
128897411
1247441329778393088
1298803339212148736
1094890155146498048
1270673767665029122
954018893898526720
154140330
1264528137246760960
895482374472908800
1305641975664656384
1170267941285138433
1268082901209329664
1261312728137777157
823897978792357888
1259665332748222465
1281148851806601216
1243057171333447680
1301319319024852993
1168160882683084801
919747821179256833
1274673717109354498
1276766384416886784
1239210731460943872
1063951459438354432
820257196717928448
1268751606893260807
1026629872574054400
241866073
1145504732611432448
1205807709821366272
1294591198812876800
4159721834
155588713
103814815
1188700710847647745
1266705894382776320
999791990920298496
1270209577355636737
1300405794589024258
1147434450856230913
323693142
1247558928847659009
772164933924499456
126233720
1276349919037554688
1242386746890784768
1271625103889985536
840941793868840960
1220260832992325633
716270352230318080
2358360277
1290191393915195392
1278649426282549249
1276150118278979587
1284727721898029057
1252893896423563270
1133606287260807168
1115406437599940608
92252881
1213032456455999488
1293453902969413632
1285196294672183299
44150150
1283644425487302658
1085525408760516614
1066706792082599936
1286928140749508608
1282852093
1242372745763028992
2774957508
1333219603
1277818637332561922
459110322
1272899130877194244
3117077798
1109714662126309376
1196661382155915266
1241178925268533248
1011205130
1001586929534566401
1205765152131256320
1274387539009265664
3090104418
1074442906738388992
109139352
1556762984
1284853217730285570
138006148
1290294673794162688
816836360086556673
1145697856226906112
1212033189155229696
1261854952072200192
1272188923989553152
1271009251238932481
892824782
3313201
160511568
1278641317468205057
1214880309285507073
1280016002617507841
1264630768023699456
1187876896018550784
1215532965209366528
1203839785535586304
3777728652
891609328880238592
55376445
1273286139680415751
2777697589
321232202
1215155719047016448
1030637791930011648
1239223379124613122
1584448130
1278186563327811584
128283907
84745956
1276395680257372161
860221200190001153
984680286439989248
1067719007229304833
1278287693705670656
162275162
1276159484050771970
47312518
942554986331828224
1045201578863386624
35686784
1199186405328506880
1169468206840336384
54128766
1064685210531323904
1219341604160278528
1181129832878333953
206085985
1218175090136760320
1278480600391774211
2246074236
1025186130172424192
1177124455304183808
1267740002370240512
2358518916
592533802
721572277091840001
1276327956432826369
1260388984389120002
247120674
1133541585289863168
789408799257796608
155786655
1283289242886483970
746501878599421952
593498005
2592815100
1212764791510421515
1226689082752819200
917570902836969472
1237172378070704128
1231056907017711617
1052388765233176576
1184517673478057984
1277873459905703936
1010903868538945536
1007836389621170176
1224588798144606208
852345074415394816
1254597349235544065
46351136
1155775900517933058
1147054081749295105
1256407762185134089
1239150736522407936
119678039
1276204755908308992
4818481247
3775167014
1271082394007658504
1187100749295022080
1230017726959116288
1156733704200318976
1265609516441202690
947372112083161090
73281604
1274276219219898368
1269125451009548288
1213379890445074432
1223475290698960896
1129350362287157248
751662197822992385
229772290
4848830402
1202853939634327552
1260291509259087874
1270288646076166146
184707040
1158743638752428032
1253946782054150150
956124294265823234
1221402705316331524
1275420711750758400
971821607038496768
1208732560584347648
1252825374389485570
1253575162345082880
838002373
1208046892623388673
1175054561343500288
1262194265343451138
1253266798335496198
910573099560583168
1258301521847971841
1258334339139428353
1253864764754653185
1253208542766436353
1320572160
3867747074
1241918855791824896
1187290226340663298
1043027024552460290
947447141185679360
1220199397629124608
912603883045658624
864456838208565249
1269652968065789953
510243008
1210012968882098176
1235466814169079808
1228477438591553537
1250049445577646082
1250742810010980352
722447315751948288
310957741
1194243565594894336
1210694394409439232
1211320122352095232
33843294
1019467997646163968
1242610832522924032
1138766123686514688
1030616845869408257
3340384874
1215450970508840960
177464230
28571941
1031496572050100224
1117971722693566466
1256909288049487873
1016133732309188609
1165487155679916033
147863206
1024620834906759173
734220740069756929
1071661287019429889
1193143009216364550
934925258217234433
1216536106956546048
234291668
52160563
266579172
994159050714628096
1072306323880996864
107028939
1171728961220554754
57526289
1166167586091884544
1260891632284520449
745974373736013827
222156061
2744256827
1109992078941941760
1250449539057594368
1245779694751870981
1090932739
396415354
1252446418473586689
141263013
886969262144765958
90657163
1026801478843813888
1257813680349016064
2766410371
1255734491085107200
871352995
131816871
2879398705
1071429275478151168
1224848488174780417
701018934787506176
1126812336570814464
4891109042
107358789
3859734792
1223830465410289665
916623505533186048
2393544253
1127560828662599680
139709646
3258364686
953821217995173889
1197737049547083776
406865554
1136934178908385280
1254633999323918336
202082487
258796090
1126709043299414016
1227776275734880257
1206316817989267456
1190935252744597511
1055973529114435585
139312564
977379960108167168
1160151609747181568
1085709995327418369
1155684110628610049
1159670262272368640
1066918365967470594
1141614811647602689
857866792705773568
1197406585712066560
1187284146755735552
1236656960730066944
1114539555934199808
177888012
1023125705792487424
1100027081956552704
1022071261
1158633303416557568
398534913
1125810583993929728
1245874542997729281
1234733319327109122
58197028
1215530612078989312
143136749
1218710095539781633
1115905009542103046
128413178
1247143048007409665
5372912
125674641
1088718225423052800
1179635676339294208
93862934
1219440931260137472
4106981
813025481414975489
839120157641338881
280534746
3046244844
303270784
946185159933431808
1213902934758416384
1202001988512206850
807429600087150592
46001925
636835758
1112732957444235265
1144928323262279685
2992015922
925131380870168576
1037580606572441601
62073237
1244823904981377024
857199037052735488
865310790588526594
818287601203310593
3168494226
1191929120701194240
1227422453137174529
1236175588529803264
3177391428
1156488249478483969
1328972689
1321827661
1045619837941166080
1191911533191655424
1225653470696357888
1248915060166025216
910770230174953474
2193163309
1235445533935669250
1468653787
844499531056099329
1203857774855110656
1154040000717004800
163319311
1184468066765115392
1208420051092557824
1217008833056235525
1231676088696352770
1126033586337882112
3217417981
1180115362391552000
1239760908915585024
1069515065534033921
4915008193
1058526392000757761
1178947835175165953
1241590339
1597460461
3635565612
165744428
1096264804161880064
89414508
1234056741978959872
1073065209693011969
41681322
1009959716317884416
59047208
748352362230620160
20982068
328109410
1241572934164066304
3482477894
500405204
841376959414317057
1202523965232541697
1232286737734352897
63097579
2973671382
983536361192869889
132056906
33454201
74316007
1237532382279790592
1042290432984535040
1133272836905160704
2295582829
964063597352558595
829461816
1223972702244892673
1127861406789824513
1091514148557475840
3595609212
786902180926140417
1198593924375273472
792826399233040385
1070147024236961792
954508183434752000
754690729616678912
1182977598873194496
2359387291
3038140140
340769259
3181686666
1208761494143291392
1233129289069027330
1062939009096155136
14497967
1135043804317097986
931504604717596672
5605332
1157190929565904896
1025507468128878592
1202807841771311104
998625275200978945
840160834080784384
1225745819552190469
1182094343500267521
1196748090134294528
973600506084933633
1204428330629394433
1326229195
865747632370495489
979290748301426688
948594423302037504
787621126868303872
1019465642917838848
952644931146866688
701288170361479168
1213614149231468544
1210798769295388672
1232094518431731712
1229427967853416451
1214345520795176961
1122314587125084165
936183668678082560
1045099274541793280
716435651608973312
6845542
1153783425855213574
369255401
1235170773578305537
1268578879
1176760339003691008
765044660
955060763621605376
1195673134566793217
76217219
19477973
187129566
58705875
746004913658822657
19713501
1080254982455095297
1194606506513072128
1140942232490348544
1222098819216601089
121424109
2334974743
1068888904839745536
1027735222387761152
236220353
931001287138689024
1183401517073584129
1208991370897002498
3349941013
1017526222404767745
1206462960119377920
1097374444866088961
1064095858910609409
1205139036353904640
1001655022361309184
1138293056346583040
1227564122209800193
132782416
139315542
275434166
2560688965
1224208192969703424
226750399
1100683712721633283
1190857887003762689
931496167241801728
1234687712071843840
3226844198
962491224690122752
1132527875041636352
1076157551958343681
44305864
554418214
68988529
174277024
1221455785923772416
1165088932184248320
882906269396250624
1084845511
1231544288841891840
1215847577838424065
1099962725520760833
1191270513781293056
201062296
1154944883209064448
377047002
1179061061804158976
1195832527920910337
1187263899558531073
1222694254163529731
125870361
1033231178382229504
1202478456811872256
222633882
1113351432730685440
1234152757122068480
1205342336491737088
1157299927875108864
1117662322053373952
1132379256002977792
1192388221591703553
1192007515698954241
1189090344291291139
1189061257845825536
1044994271642673152
1178225786592976902
1081911148755054592
1018416727397289984
965548765095407616
1178656674237648896
1189106818338869249
1146967520588419074
956835015119192065
51209763
1152950004392194048
1201724550490144768
944201154216443904
996995504432078848
1143742763994767360
98273133
1151999543971422208
1119911549756264450
1197344356740431872
1190166093848932352
1186904084768444416
1854558433
1100362243315720192
1228964222119186432
79187886
1087027935171629056
793270826158006277
38008878
1191973491882545159
1196319244624879617
1199115807399170048
947063807108509696
1106504828866297856
2886215780
1187255753544851456
1150758374914449408
1223229881619607552
749558831273766913
1199578157197643776
2264572699
1121699449485402113
1227163163088408577
273277056
1198771748423921665
1321364802
847041562718568448
935897951745982464
1213510397426188288
112604934
1315941510
264098658
562906962
1226691471488638977
1089867753262002178
1224501003023568896
1224101415334772736
83330592
92053577
9646822
1107668622892138496
86043278
1204437333849735168
1101424567661154306
218042194
1055262685137227776
1218190492522823680
1019960793167683584
1136851631109050371
1074358115116605441
3011935052
106120451
1112284534291087360
1121398016168972288
162759441
968815108896915457
3720050292
173313709
1147877788256391168
3824423712
348376208
1027743772094824448
1202811354098196480
554821496
4721829062
1149314893801148416
128725317
1193316894318612480
1193341436378247168
103463409
91781517
54316579
1187358848299851777
896245043886866432
27858589
837114092036894724
1007612333974142976
1086935212993306624
241876698
182365667
1196779089731805184
1217684569635221504
1141729002991734784
957071428376920064
3240869162
830581373312258048
1180274198343602176
5168301
250939475
724176326769274880
2678701214
3727402578
748854642965090304
938699571038846976
1189221764028436480
1179753256827805697
4214931
1141737602745110528
65335524
41486636
909323041607360512
43209750
21632227
951662085540163585
66644456
1087265896417026049
942954858109321216
6511212
797793273192464385
1462382268
1044805044191862785
208965773
71497936
1269784615
86244853
40251086
114973197
955792804478767105
181888156
4143771
1003819732082933761
139550214
14943105
131858618
986106360570961920
895663124883193856
975947010250436609
1024654767618846725
1114014147358810112
4629146238
87107203
2926081
42982810
126233416
1091555520488529920
873138144081715200
2376419720
2207202937
1071552803951112192
996684776332394496
54924532
125870102
1057998446441811968
2331260563
865652006
3062347081
3311452530
734930240376475648
406626514
994619949648830464
868963481403260928
822196855089938432
770276280184909824
931361942161072128
944072045146488832
854972547561005060
279995490
943323631018418177
968722765074362370
2611596283
973571806958202881
4909401
987547003
831010962509438976
2836451415
227848570
930038464589918208
21050944
901043876244344832
827025328899977216
162608622
932185540434083840
758903372787228672
926789537539354624
781170379943350272
7125352
101105884
82713557
28543412
210017708
908952864088776704
809414107912732672
3268346756
731075317125787648
910164549143191553
755676501803081728
70635561
796715867685998592
840485956977278978
57701223
2962801639
389458288
781686199702487045
259683891
2490046446
3198148112
2214960906
272647351
17151314
146876340
157321245
3335512153
106063705
3308392249
2816827351
133721190
2613748796
3350157135
67170555
79133376
2351535054
884344364
3921041
2433377347
130191174
2870763689
3157404828
3098164675
2855704153
2255150934
2465979211
41879918
2822835446
2829392629
131045943
220218970
1137920448
2602457004
2596844366
724089391
1320005323
1557551791
1955515928
1229099466
362808744
1341365952
490302137
222548955
1274186226
635055614
172682001
329068864
877684736
532090636
434576935
792733399
48027530
523090238
195289857
542352218
5715322
9792672
125239958
501124837
77926948
352566868
423375953
187857910
420871843
55499354
375698668
274932795
46588298
199928912
102057962
348754802
219693906
244291133
306596488
128761423
134433466
268181049
198022294
74669175
179777588
91975286
244881022
17185130
120772843
5951252
96530000
86447429
5893952
216748159
155874755
16788568
74664945
73322870
88671663
44300490
191889679
105727548
108907046
144155248
101997100
165777576
87849850
113222081
149196026
5484702
30209617
144396308
16181752
5980892
18158100
16988697
155929084
5498112
83307097
88884973
43651078
90781981
94271742
110355735
104032227
