1057177065969999872
139096359
3991453152
789409172429221888
4786883173
1701748801
1004733432729989121
1071092692405219328
949634652989374464
1293856244667518978
1268751606893260807
1277962630951399425
972088687675650048
3288024984
926410300827492352
1217062661105446912
484819076
1309302424058748929
1334313141103050755
940792021052256256
1102499962456162305
1116668017914470402
709853602366361601
1266051738974302208
1131497602950750208
1316323286356090880
1014217628
749558831273766913
92909133
1323637677724295170
131396797
1105757902491418625
187122753
1122766458834935809
1292775514365743105
1664261281
892690869475618820
1314490380969111554
243540729
957243702539304960
1320266988753580033
1320366644410023936
1315214733948063744
785259035066970112
899651436669095936
1108368046303801344
114146469
16073286
1302159171144617986
103747909
1284113529063174144
168553363
1309693602621087744
865949802051194881
1134398915787149313
1066489271136055297
757757941508296707
1238901737886339072
1317845286476132352
1277879676094955520
1001107174485983233
971687027002417153
1302195086373998594
1282590644335112192
19122878
15312900
861537571
964014245573619712
907267101764722689
1132442621236850688
1307274434596671489
816969480727248899
1065844453628305408
1279736634120925184
3897207673
1060413255607246848
1313362695689662465
1209150856085434368
3087534074
1075896671060545536
972084875082702848
1110621499642146818
374102150
1112669149170327553
4825882086
853897555347779585
1600369435
1191067931318206464
2606100528
2729964055
175495968
6583192
262609975
990245213946896384
1216714645127327744
1081668789169582080
1308044590071427079
1219873796565323776
121299584
249681679
954343661344473089
348376208
917336086019325952
1091891062476402688
1069963469435359234
1191237542894428161
897274424738562048
748844425443287040
930584965128921090
830174240112381952
1090436009370693634
969183737136144384
1110148443207401473
718786913075736576
215210847
799446105062707200
3069700026
1186700522805321728
1205128055443709953
1301151461276033026
238772281
3064776482
1256395857831706624
1299618212603076608
816903054129627136
3171730496
1199603260010577920
1030376764264996864
1189221764028436480
2790845394
1164538582691749889
1196246029768650752
1304031820732706818
1303886995471491072
1283014035395375104
1171306704278978560
2561173826
5853592
1019910404
817398836989546497
707811026922840065
3660082034
1114874330733658112
3789249254
3238543772
1299722713582325760
1264202628029747201
1269081950842548224
1295266412986896384
1250684173137768449
417578539
2908692709
1291532218200776705
992051802777370625
1234082859935125504
975706178
101872132
918851216183980033
833291412523216896
1193465161186545667
870896921048526848
1111160592847392769
907213781695991808
63114612
2682165284
722278501005438976
790207717776379905
1101095727105601536
1196320194701873152
1097374444866088961
2570913954
3076173169
2778302935
1042641383087996928
266107760
1259109987751608323
1295585049664868352
69277610
1096249448806604800
1072840226488311810
722928346653265920
1141025150764298246
1137319628051320832
41323994
2930300012
2365561782
1221040857077272578
1123218797085614080
4123979354
1268841456594108417
1020690966565478403
3288912301
905600577291264000
1082669852857315328
155213930
1268912007559823360
1113385670934822912
995521272950865920
926280647605477376
28901552
1236622937815314433
1195164991931858944
14634435
145701603
932266687549677569
2933154680
707211352864006144
490898562
4848830402
1035396231659315200
5828772
1287221120072945664
1229236232422428672
1234474889316192256
1191029027873542144
1117822424215461888
307136531
1028962026595344384
916995591309160448
876383957029240836
1155419628228599808
1271014242615881729
1171793102853423104
1228893441548898304
901825579573317632
1283420269197930497
1182689825800900609
953166205614878720
1094070091803705344
725525928256774145
1002403788034998273
1042352805741121536
954667216657465346
134497675
897390810794033152
702765517099020288
2843623885
1049222679541084160
3080325850
1271009251238932481
949111050393157634
1265700127232024576
1231229667094355970
946936808016789504
1025200812824264704
969386071963222016
962844671872413696
1250020655652691968
2922569029
874618082123173889
79406740
43342948
10210702
1256425104759652354
2507398074
1236040003400040448
1098842673425801216
945268378771496962
2953685767
815488608857571328
1476724826
997078044496965633
1254433470333349888
1278778256431263745
980655320006410240
1223928150746259456
804268475849940992
18747617
1270199592089300997
1277967129770201090
1107458069582114818
1274240515605585921
1122323304818196482
1061543911716352001
1275642660536102917
84204004
1056566387202711552
140467836
1151478781720190976
711910217471012865
875205073
1180081926314459136
1167805305557643270
855730334784143360
846334951716925441
867411631218671617
1251405688032514048
1271997815271550976
1271461599602065408
318207901
97882349
935871782577307648
1044631271580721152
1040100322532704257
1269050236728565761
1261845328287784962
1268479371502776321
1255908371170918400
1267023973918797824
1266945815626412032
970247640309932032
3156189847
3069771966
1128789119113392129
1265847310740713472
1105336724266217472
1070547491869741057
900695662282461184
736898533177982978
1070260839523868679
1072907847837437952
1249868138373505024
1236491723586469888
934670197092376576
1257708999002058753
1051144689049432064
1261911538417336320
1144956570784034817
784685857458364416
1226478504763478016
3106677589
934973857856765953
1257706563541725184
1108185333047287808
1099359017195827200
1145629632508465153
1083282919337021440
1259730687311048705
1117758128815104000
766856093620314112
841102237338288129
974187780338196480
1056923765483855873
1256395547201564674
942306774773678080
1249540385073852416
2388377749
3314940872
2953095848
1193132156421210115
700967436225384448
1145306823949312002
809035351297642496
1115101798937677824
1130382764417490944
2834714503
862236185501941760
1134404974375362561
1170003052188667904
809061454108246017
1037374346157670400
1231912775099699205
2400364772
1100259481881960449
1024591386648043521
1236289953849466881
315264711
1227933994936717313
1106949584230608898
1241621425581985792
1155741864483409920
847756879577006082
1234279359860494336
1168835596548108288
860391433613619202
1052718422683934720
1111927429646303232
1177251242419974144
1237402054588387328
1081929430946045952
983314972674371584
946186112682229760
779660971652501505
1107557122676412418
1235864320187101189
727900432782123008
2604952068
1207914302989930496
2733252504
914491250140516354
942294922400370689
861820388480696323
703871271042469888
1011216639340105728
749275768018968576
1122494061787484160
1232820361604947968
733992358774083589
307725327
1185553385484775424
839246286402400256
1232426444610949120
988376288401416195
911369638750994432
800289290471079936
1230833849245945856
11408942
1188879100913618952
984414047054393345
871359672892112898
3277085383
987963797628334081
3321413342
1065864965242806272
59111213
1051757940879765504
853207721130172416
724988677227601920
1112541045277917184
1229726753632837639
895119323391434752
2408539297
902470059750072320
1027913207292129283
1177152199626874880
1213262363274567686
1182633964952965120
1135773877047398400
990091661848932354
1115158080730230788
890260770801537024
776676623596736512
1089081830404349954
752386622612606977
1101148157600129025
2538442746
1147805404996390917
945931126350102528
1204021018446008325
1103792392212103168
1098790808864448512
1066621950460489728
975759178173005824
920424430957821952
1115151930131603456
860476602341236736
861231870700208128
1143131832071815168
1079032405141278727
1148791611083505665
974590071180468226
810481614534807552
1111614431358705664
967049357919887360
1115475859362574337
1967707208
844505058670620674
818803963248001024
1173236722970161157
1159073772361535488
971703751529529345
2257533176
984635200544980993
1192749564668735488
1114832168377769984
1097009773059354624
705385329834852352
3249730436
4718687977
1617597794
3129652874
1035542804875816960
1036594572749463552
714109757431255041
748900081751846912
888619062330146816
1115118570575237121
1156498900213043200
976568669609213952
1013398056610377728
999227217866407938
188681865
1148107087257333761
1131565799624196096
782574082487308288
5513642
1140490434960973826
772788117350735872
871298488323063809
976689846830874624
928059483368046593
1113684698633396224
4762832832
1259369606
706358534456250369
2650168962
