1294523982763319304
91583942
1338482365790711811
1177005808464232448
89601163
763190090382217216
1279602778860449792
1233198411119128577
1638154982
1331571842998366210
1255977780698726400
1334094539540160512
1569276163
1337380007069376512
1333394419374981121
1162998208856875013
1335361980173979648
1170200844878266369
847716878512304128
957874103507013632
1285139366608691202
122019066
1108161095808630784
1163737825277177856
106115338
1200406614798295042
1255655001570988033
1031895971536334848
377047002
702727126
1244795794131005440
1140847155600474113
133366157
1255739333731966981
1243066112712925184
1217333404246523904
1334458885923454978
1177754573311594497
1244521240385040385
1327276969856176129
1309648355866243074
5486032
136607194
1071964975386681345
1326699121139277824
1245669884664528897
59544239
855639223554068480
921605025498931201
83566386
1281923512882561025
1128904571168759808
2256330211
1205727320893345795
1289371228898127874
1259140924258390017
4251533592
1326835485272989697
948356839434985472
1204719884816408578
2334784640
1926894007
63131112
1275084837301313536
1020302825807466499
1127154252277673984
1300377561512382464
1193746207710961665
1311602504602316803
151496772
33466363
1282484109080592384
978061043925630978
1198470499090649088
1255888808723111936
1139010552485728256
1102789067849121798
1173782839155818496
1329835673885392897
1305055118774030338
1325760237765185538
1230032947517874178
29739515
967378926354886657
1243751250333536256
964732797381361664
3139157784
195667646
1244552084466233346
1006844551036731393
1238266504027631616
1323951871258578944
1266029958872227840
1143528813545918464
1165864524399833088
1269535922493616128
1035028822918193153
1221678281079943169
307136531
1211311448942448640
1313368605250088961
1049885139906584576
63678891
1226012561637695488
1229603415153500160
1164137711562657792
1326550127033503745
1328847507657355264
16716416
1309831236836143104
933348986022371328
754679200284483588
39993604
880439074460385281
1326474452486422528
1262666455335661568
1302519838472978432
64449350
142544795
3071616211
454515555
819624126566408192
1175809494359478272
1003860891224293377
1253143793924218880
1143026048860246018
1078062876252811264
838046186481176577
1030407889326731264
573857424
113816649
266609519
969814171033378816
1201763539649609729
1265216734706798593
60944774
75726937
1142041096211464192
1311936058259460114
2849269069
1281817002735136768
1155684110628610049
3292448778
1260151668026470403
860096868579123200
395428617
553521950
1292759973802291201
3058840838
1301078872251793409
1215887922362077187
126601059
105808716
1340664175
65048351
1322169742031904768
1309104178799800323
1282122715948703745
1135362396741021696
1293544168262754304
1227397555673157633
1317014216574824448
164539727
522865793
1271918638606548993
1319940418851663872
1307682676799803394
1316994740055846913
1198524423667499008
1273542340842422272
2415520692
166866874
212884332
95501887
1239945632355409926
1319060100070268933
2491291441
291730579
1312734493585731584
1668136398
1310633894253940736
853211977082036224
850359483268177922
1173484522232352774
1295579453867794433
816955001662603264
706188090
352103731
1101833503128211456
964694956932608000
1161782227635589120
1018431263185616897
1316958873446617089
766892419413450753
1361005764
923195760937615360
1267379562351976448
713017735844749312
2452834543
1308301623710502913
564707920
2497709466
104902421
1263317034
1267632392316915712
1316967686212079617
1129211435928522752
1224975801226936321
1198501942827204609
1300971730249293825
1148590753280450560
64365955
1285212558102720515
988813699149316097
1264942158156427265
1294069804152713216
1240273982550499328
4567401
357930033
2277885792
1126002449221685249
1253689109987483649
1132423882114125825
1277375034638516224
1309674398865977344
825654943344267264
14339060
1293032178129879040
396341787
929053018791620608
1073050649128886272
1156453692817596416
196547884
3112859771
1305011482346700800
1096346004373164032
1123177979092193280
1021547688
982868845126823938
933169185194065922
928910926077554688
1168160256657985542
2367066254
1224964533598294017
825911358742892544
977473599798853632
924953652011216896
368754303
1244571116116381696
1292779914031054849
770421290
108466920
3090104418
1051415761611190272
1311358032471678976
1311356688209862662
478981920
268570729
1085757096539254784
425625223
851704753075519488
728276368765517824
204243565
1233289405273477121
1192336637826494464
1222010859246899200
1247871687669846028
1263663026340683776
1026736388
1206732318485803008
742980947021303808
1310581453843988480
143378627
223313213
1235717705799360512
1300554943028322305
108708879
955317413091749889
129701791
1232513492663570438
452392304
802356337334099968
1219942991734796289
394168246
117669067
985477024738263040
1281500127220232192
1298555340636614657
1110905016481542144
135071410
3024431395
1253850128
168664353
228936735
1182531232866816000
1307657074340294656
1184998905202663426
1041945998317060097
1251361183946248194
1255568424081584128
41728184
1245586428290945024
4750506582
1295158954511622144
893386787694927873
1205342336491737088
454467900
1073477226790772736
1248141671541293056
1275279278259572736
1141262854047141889
1003798462456946688
3294681516
59439513
930122283745665024
1102198814222430209
87470560
55448212
1292709274993324032
121139827
1229976602739503104
1252115458255228928
1147407031155904512
1267387950234341377
1011877132950093825
94952395
1122927856185528320
181864353
1298614320889122816
903912840003588096
1276453826388619265
1276349919037554688
1012489712458584064
1256086388845375488
1283014035395375104
1268951723638263814
1284727721898029057
1236040003400040448
30832215
1082934302306795521
380307300
1121317689333444608
1001474486409904129
4711742772
1149180964280528901
1274562506296446977
701397306914902016
1222002367119286273
1045201578863386624
1022033289232695296
1110330048320462848
69277610
113004092
995182043905470464
2187570176
1019439246535319552
1211459598923681792
1286607478365405185
1157890957943037954
1474750303
266000237
228692682
1008635700919480320
1216876646264791040
1104997997258010624
228926949
1092620660537323520
1286239629792784384
1002833165864484864
3976541
1034355752150827009
1136921693983612928
1103846504
2269936538
1186485753666125824
1294457240905113600
800468042534617088
1287579580673355777
1130503281271222272
1208357896368476160
1216365423437860869
1155775900517933058
1276771516189773829
4626893239
3042379610
1112511611065884672
5999482
1279024510809681920
1010334960748642305
63058027
1185312622356226049
857422904719364097
1293540281460101120
1071114389355282432
1277518504879505409
1287489152838021120
1284455968302985217
1180231641479827456
145469395
1283917290409349120
1047065484301094913
1097670532206551041
601096729
1192722960823410689
1011903287858085888
852435065380286466
3952979414
1241148602958770176
867315320150675456
1090038942341029888
1274280735688372224
1247880648569679874
1278957310656708608
1146192687936069632
1132476310813470720
1261198156793970691
1217382809490227201
1279745696845840385
1042706835017363456
903850921
1237371389977358339
1124917710985383938
947669241574014976
150259066
1004472015271522306
1284028285349818368
984715996907716608
862253084
968266879461556224
1220200785012674560
988018644
1268460430516645889
993185948262256641
2766410371
1218903137248931840
70679702
2796675900
1214345520795176961
49591347
1009472096
1221044996826025985
1064853391594029057
1411983097
1210388288030162944
1238700214875066368
1237172378070704128
1119183755787194370
1202565715552653312
1045099274541793280
1081908893268140032
972088687675650048
2695879465
1189221764028436480
2917553322
1362282901
1081365858939592704
1181129832878333953
1213822683843977218
2914604466
1273872947472564224
3691172010
1025561547102281730
1042273451292020736
3222856496
1254710259295219712
1247427417280401409
1162670060520951809
1077445614294552576
2356435982
1207528469258629122
954498293563736064
1285556792689221632
960494536295202818
1079581015222378497
1256146388586356736
4877592885
3271916130
3588447553
1141228043362377728
1162598786062942209
866474311
56892877
755026715781451779
1169980634212663298
1206858861589622784
1225037042549051392
1183589060016627712
1211265242149179392
24817729
71976336
1253227287731859457
1083155172761563136
1166894385901891584
5821822
1115440830188150784
457332073
976741574699728897
909276023706894336
800100315823423488
2183550012
1152047157299437568
792034552248094720
1230786109799485441
1258945213613015046
1282653775941910531
2170461138
1247789251879550980
2713330502
1270688428129226753
1577161207
1183921845398958082
1025219534129528832
794788311663394816
745926546905505793
1886933491
371113761
1223665250
1048402945778188288
1231453978841366528
794370560062984192
2735650777
1210195838917459968
1266669749565440000
1261671015257567232
3777025333
1272160209687830528
1202811354098196480
3333207918
962509259807145984
1082446874571825153
1055937624550981632
1274275596290293760
1169848920924553216
1159981080687943680
2935547264
407101584
1273959653664157699
1202513945002532864
1079675721717493761
775691076006850560
1280825422305882117
1179187829273845760
1270920997240074240
1260003621376151553
194848116
1277493799166459904
1255034978137591809
3011809884
1134652760270356482
1283573573743828992
128283907
928215267930279936
1268751606893260807
1238006807202684929
1077373459968143360
1226474810986745861
1280896589536456704
1201152704162041861
1218331180262539264
3924355158
862915909836582912
1259795578910699520
1124500728
1110470797187940352
1262020064028397568
1274851758062231552
1187925260688977920
1055496888663719936
1140451107056975872
989414537987211264
1005146419689238529
1262716519995199488
1273573650424139776
1258835549345001474
717032634765840385
1264960976564006912
2264572699
395419071
899640512537399296
1231059709118910464
1136285583657951233
200416552
1248088567647109121
282157331
1279533396767604736
174976953
1078294082273853441
1060308733853544448
829461816
1240923441986850817
1074144682043527168
343077333
2354282178
14585847
1277834962578767873
1269187363336380418
1209150856085434368
1271530558644867072
1118156835289100290
30631526
3284678114
1246686903996276736
268910438
1276131669938892800
1202095088568061953
14490510
1026416432114880514
138734553
1206925779914772487
1275350692182601728
228371753
722928346653265920
1104221677389377537
251872088
1273828637351895040
1264006797565652993
1189388185555501059
527051599
1053757366972248064
1271642912325955586
1242360486735167488
1258244043458265089
1272680551137202176
79361302
1189812925973725184
845632240000221185
1005621103119613952
65860554
1038662858035228672
3099872461
92909133
1260364367264022528
109139352
1089081075320512512
3013199815
1250944328207237121
54128766
388154998
3933721
1027900827493523456
73422752
1074232979306639361
2976957591
2681048724
1113948041763934209
739752670752346112
1250724938564026368
14065535
1250610213146685441
746656590351081474
882432379964366848
1129755773368537088
1128135008642670593
1214794512171581442
797301536548220933
73192232
524649737
150359376
994883444491587584
1122309575535816704
1206728079587995648
1046599352808947713
1138248972210802688
114689411
4500795552
1045548697067483137
52699894
1558524848
82945773
90600144
961919801189793793
795313263214874624
907288099478110209
1092443780450373632
981212472643235840
1204307318998892544
189389933
1151078428793176065
1556762984
1257839656386785280
1248264182710988800
1137836182849507328
1229367335875571712
1249272495242219520
1264562650442162176
1042714272071991296
1228924946258116608
1264211167456555008
1259693204007301120
1178776042913222656
510052527
3179136102
542127614
465032775
2383663104
1253797797196775424
719716521577086976
1066323931450109953
980794712
3226814294
160768325
276395684
1228991102033649664
1147035083913609216
1326229195
848541381836423170
1252990256892108802
1211762977499598848
1016109078219612160
1134468507905679360
1064019077641826305
941365714815918080
52450873
1103807222063063040
1015838958603792384
873826887306403840
944482261071683584
843304164641849345
1252825374389485570
1236656960730066944
1013602985698459648
470146736
1195696365910642688
1239069020747231232
632612920
3306405716
1021732001806569472
3317986484
1251533543185903616
101770862
1206018661594435584
1041597830693961728
298233282
2590884426
1054148372590931971
93016185
281136382
1065974160130629632
1419814062
3669216313
3231617622
967185702
748054822021103616
797264228239507456
828392743990763520
353054101
718705444982640640
876796710315409408
839442454407348224
715562001850720256
56673469
1103376231506927616
1216974217847033858
1192823695074570240
898512089320312832
131826993
4844332273
186477529
1914698024
14995098
1139066559207317504
455717737
1186945489385607168
2997624188
5597402
734348982206373888
1114089341553221634
2995580604
92999856
1945710750
989319600985722881
703624253044690944
1569621638
155949336
276262726
881328825551933441
1441215326
2536311199
920136707197906946
173023445
2261562656
1168845648373747713
427346125
5844922
1519407642
937551132259336192
835299818
1141952118368034818
109132966
982077138864979968
3220801796
100676398
79765255
1183696913582833664
20642108
933539645584916480
1135385987645788162
143857058
949681533014691840
275869293
53079919
1139936504262737921
720817407946690560
265482116
1196231569830105088
1220229348445151233
1174561437319974912
399207539
1252472255176572928
1007162549274460160
957915621445926912
953205415352836096
1250392915353862148
146392679
704459180
1176576820210098176
3070321154
264557916
1104691536195772416
1030718656936722432
1100708968442150912
885759651047800832
1397303802
790644230834106368
1227606667572871168
3024189032
923946287241637888
777391046909014019
945444106985074688
2893342274
1010851773236502529
1148066324557381633
974630289786920961
1241195009270902784
235522122
1244676994438025216
1488811446
703812947475193856
1100027081956552704
3065938157
742677569145704449
4861500937
231593698
1897415894
3322100508
715130855312601089
773802184404336640
964052873045721088
1107476869861904384
1223845524291211264
704103618413072384
119766066
1126033586337882112
1238429674574712832
717217280766115842
406959977
953935913586864128
379232830
216644913
848895224910761984
14864074
2869411795
9765652
519185955
2427150578
109511959
1647945822
843653943288717312
901799033089343488
945568474461384704
107997336
1164029067856773120
788179803463573504
952024553638715392
1018525228995973120
62230168
2164494990
726667831446654976
368847706
1016096700727869440
1394344484
982897459675344897
1124243836962611200
467250563
1154651226870390784
1097050605502124032
1134404797317099520
838286632872615936
780689394495688708
320178739
3220038264
878613642077392901
865940975272640512
85380231
746004913658822657
1083496779872489472
1231587285432299520
1192007515698954241
824118268638199808
1248031467445161984
102976008
1246369137326243841
1240536621839028224
1233641027988119553
4483573279
1207719495411699712
887517515600887809
867953503662034944
1673655530
963000375052681216
720620879126724608
937258646831902720
838887191799422976
1019632322
1173257737469251585
1126140398525530112
98515623
1240217223987257344
843436412280041473
1073595755678584837
838082000770625536
463855185
1246808332955877377
1169773566201487361
1040987008879943681
97421147
34827680
1078658958502416385
1185873362427371520
1136961766984888321
2993652332
936929018955173888
2431448574
1197071929879875585
1203494111778459648
120291575
1171432257048825864
799571700421562368
1185537508827791360
1237692897165602816
1119168987449806850
1088208029198086144
49851443
2400315487
746242729437335552
2929826203
1232958742984941568
961881303745380352
1107867456331116544
1203857774855110656
716467600339828740
62766278
98942799
867564697
15339816
2834951742
30221731
1688642046
783505057031467008
1055412720768495616
1223057649924657152
1234333259649048576
64991124
1227907077659455488
992386033500106752
104095601
1018134676840464384
1214457642342473735
252997912
704495904548483072
1225484984959541249
1235219281350021122
811363800167260160
1170976550927257600
902479532103319552
3781861272
1046316545784217600
1738222866
845874746185023488
1202514920404766721
779660971652501505
1217975202413338625
10210702
1021602233048129536
1201987443001446400
922267701287927808
1126124986609983488
1124355081359335424
728864429991862272
1211941118054563840
1192025339213410304
1372131830
15413813
861231573357649920
101450820
1033363679696183298
713385454561681408
891703488249339904
2257533176
475017911
929619167409405952
941297662401196032
2356013856
1024216792665714688
1184689344
1075945265817825281
134669284
1096598227866931205
760720420316282885
1182881310781538305
16693124
1108951019717705729
1146625875477053440
893111677415112704
1097198956080029696
903745632262733824
1095968358049038337
2849113124
1081805030259286016
222357441
838388000610377728
1026200490726420480
1118866044070707201
749558831273766913
1136456427092865025
1227051829575340032
1180274198343602176
532947491
2889420403
1200937477843718144
1013322723353743360
1221455785923772416
1075896671060545536
50235731
10214852
112825681
1118831622030127104
1223404124533747717
826030167021662210
2905658402
1137863162886123520
922518659314040832
1165252404519919619
1192018673763901441
1087265896417026049
911546778905845760
45116668
1000599962701316097
902373193561673729
994444139449090048
398665685
907522967831117824
3078651421
890530410
1097824400936562690
1179616583754207232
66253830
1105492031206387712
1219481787530805252
864690191365046276
75771723
1049602483914338305
1112132368184180736
1125614283008593921
1171236428283465729
3032816725
1224546482247720961
72503943
2367079278
922316173923848197
132056906
221982475
907571533073092610
2959794348
1205390753586790400
850358011608440832
1218060891356221440
628061281
1126862337489530880
1207001638197592064
938978872111939584
1173867655012343808
916384875258699776
991681287847952384
859235993353822208
1197493395746246658
1175437831835045888
1055693303084015616
1164058764284030977
973423053517434882
1177518395866009600
363858383
1173539851787878400
1173513917848420352
993772175113924608
33481018
1219511358779052032
3265423466
6218232
4771220647
1075606391962755072
874895387961823234
112852160
1218222432747577344
3019207616
1101020719578677248
1088217637417406464
1531052388
1051715028984856576
914896566233657344
800326800270180352
1212342225356460032
2414989092
954754401469526016
1218216404945518593
702781774930190336
980307713287602176
34886220
1184460072023314432
1210424876097363972
1171098508599820289
106085500
1149328735113379841
1118013699007008769
1157560334367858688
2506489002
1206525515944742912
879014058
1062378513502793728
708372191855808512
3185526224
1071500939100532736
51209763
1500161503
765044660
923874140695683072
206672867
1142050867958304768
184871338
695121509812031489
1196708710984237059
3071778553
948085664167239680
713867439226769408
105735838
111491133
955140685392424961
3185938471
1852594669
912715825391341568
748528939211993088
1145504039880146944
1157879976361775105
993460992196542464
3831641
1081887977280684033
634586690
1186159361074163712
1198956605879902209
858628727495811072
760866732797927426
1192730208928858112
1078318061369810944
1495737949
1146574192554328064
183411684
1006363992833441793
1200068528507764737
1164678822643396608
1085044178306752513
99482339
1199570193590046720
1100749973690314752
19713501
1181970444984799233
1191030472316338176
542495904
102921908
904316759473139713
1189001420579565568
1186615314995273728
813698852582608896
50826128
1156921098815987712
224617705
113842747
1188997681789562880
960149699700248576
1240716834
616701593
952465636122230784
807533706348929024
1115406437599940608
110923401
1119141222335963138
1069923105701646336
933540474933035008
1110144876862005248
1016143041495568384
983263469666365440
1002443539286855680
19898556
1152279866907062272
908998401450110976
1097271064030113792
139315542
1077196776367517696
31160503
195012946
2336682308
1066981908721020928
743110432890748928
2567332868
1282940508
3069403147
882154500240228353
722415032428941313
886958372729135108
1146327635779178496
889129810458365952
955337969488969730
3068742792
908883053170245632
1120864123766501376
985730926461124608
133271577
1165260267409686528
4748095416
857824634695176197
141302851
958964607028047872
1184296933457682432
1184595585619255296
1398881396
1000026343701073922
955664137945690112
1063746711791648768
1548000644
1025759442
146383600
86686979
3128038770
1706535481
1091985565476515840
107055630
4854213937
552553636
163502538
1061114453494661120
727337346572673029
976109204091035649
2498489107
1172540256064655360
19234500
2479463780
1073490287903666176
219330389
912224671772286976
131184083
1101301440973168640
1115539885497040897
116065338
85457557
2319033973
3248753755
904094582
3118983157
2912461368
261674210
1169819248413179906
129432174
2889403578
1170819991312011265
1030009978046697472
3017637899
1169903119276208130
1157675897815572486
1167336641356152832
2809606483
1145639525026164736
1140788369019949056
994950554810925061
3008660449
46362620
130157262
948944686881779713
14663651
934366631811170309
1011185436109070336
1066573211922423809
1168186129301901312
1037304614922608640
119761644
829621280525602816
1095672273233620992
1060532919578484736
5803802
939732866027720704
697990174802771968
1074550476979429376
888242407011041281
1044805044191862785
348347081
1104197437726420992
1051861942661332992
3222164365
1035959826084323328
1146527433677389824
1162872706087424000
695985986816315392
1162346925909090304
348376208
2821107312
67311294
1612860942
1126110379069693952
834980559713517568
115351455
1030472314486312960
997015918097018880
1157215663330430976
946310910565425152
1155199044358004736
1113370101548429312
268270455
1096419186077646848
1114212132315258880
1130753117736165376
894618111151820802
3271167228
1009636497148899328
894058997602373632
1052969027646021633
1060702882498928640
1696490510
939429088577515520
2289367098
1123064449793908736
2590711698
991287406601977858
936561944386969600
1123574461536432128
715570141594042368
877189977720766465
1129273629496057856
1135467346745630722
1137311073890004992
972453637
1130990418856820736
954551975441350656
1123107442047344640
848993336
1105724968405393408
904506905996836864
296785332
1002104379153895424
876778562975440896
137829215
114664530
703796454922416128
968264432542298112
1057483235758956544
1009458178247938049
1048896098897518592
973917949596585985
1108579256257265665
1019539115824410625
261487721
986470831394996224
4452789252
3315548612
408665753
1003001660149358592
187461128
1115718026354020352
2556936460
711486002141929472
1129460997528391681
1123513033630703617
1130805763230773248
795104149788508160
12689272
1348648518
1038023689135116288
1060337625658081280
1062665517188571137
960385239519408128
947808623077474304
1068500877843943424
2351028884
125911369
889498371811024896
960666011169992704
1126044937856831488
1103684392730255360
73595806
2490113281
1110419816630804480
1012492006419861504
1084845511
360342689
955753997884735489
2565857382
949309491614433281
1118423525482590208
1121922367045787648
3717052092
531384497
771546263909126145
3288568814
936933725434085376
955731031302156289
802080398935080960
1118518465667559425
41518928
958652083355267072
2235970188
1115972365916098561
976651162433699840
944342606711947264
958638323433549826
85457579
1115417475942760448
2549710616
5881922
1438466292
3254947434
2385361998
863279691762810881
105982970
1679044094
1064709641320296448
65866516
28543412
3240740120
1106936578943803393
1096250069458640901
980751044488474624
1092412978182291456
1105458142807121920
1036949341452161026
1098908555233521666
4019151132
1101020388656480256
708518490173341697
210361950
113942336
1075604855916355584
1091678757755117568
1082927403121311744
1096363996620279809
1067343889973923841
1095975391112523779
1088291890896621569
991551429247516672
2162606516
1732076412
973579141411827712
1027130923609927681
1014930702788321281
1027424373035003905
768101257189875719
958662407349350400
1031677440819572736
928094411166068736
1084799047217569792
1079579974380642304
1047754447785357312
1072041258808303616
1437821941
1044973927615758337
1519164464
134815454
1013652094971072513
798092804379422720
949096695756763136
1042290432984535040
587535136
1057168236494516224
902547769700663305
1038736247437451264
1069805441692000256
1049296911943909376
2813414677
423100608
1067749973687595008
508529134
4665901
1063610481259110400
3231522685
915720005135695872
1044773799944548352
4646705778
1044128763703812096
1063694581135364097
2519111994
217329652
3075066277
2470353121
985008917783527424
124240345
997000193823293442
867254619461664769
1016487694606655490
708533660534714368
1034811734391894022
889839374921113600
2350177794
982482342257221637
2203139432
2353839967
1556138257
783550669785534464
2406480960
107687213
953174902525186048
103503732
2262222612
1012517047878578176
1043769868208594945
971278295944876032
1054040526956126209
2352802952
953669678827634690
2199390666
978964982988705793
3117468850
1030838439074095109
848458664994152448
925284947660640261
915368337474953217
433432334
221713390
1036222100233576448
702894109724282880
1036091292600553472
849094675042533377
1051848693467426816
983642730122194944
930421054140424192
2601763752
951532282006814720
994894389796331521
742326266657832960
825055361002385408
3317241966
1029425230324752384
4426164680
772389973953609728
977816821754609664
938381832340480000
47076635
939088249682780160
3244957644
91975286
918972201197486080
736126492925526016
3189753584
2359037556
1037972937121325056
1039352784502448130
456555865
978698874146635777
1047850876532973568
821781468938539008
1015176175918854146
878058819930038276
751390495864004608
872654532081098752
926788562871128064
967962688570638336
1036210194307379200
969918176371777536
773433642232254464
939169669885263877
883191860344127488
891609328880238592
751149375326261249
1540346558
2439782088
2828146813
2486361734
910407295741288448
855730334784143360
1034033709974867970
4696620792
756842360705650690
1037688060379451397
2911603082
718740668152033280
1037592460866670593
131986844
602147930
1013863134304428032
177674090
3278747731
155627846
4722281012
1030041246272614400
86347553
3277621069
4201305673
461649039
929014642441043970
3062347081
4879610134
978297998600945665
742498522709118976
817022829514235904
906178008641290244
1038784513810153472
1001710345076051968
4607521333
139587466
932273740687085568
1046772885476409344
273277056
941253449584279553
875321483899183105
808213492373164032
889409394437275648
810896092787306496
1010816262765572097
947763500176195585
999469922295037952
1014017334913073153
1028995491059486722
14280977
171847277
473711954
365823607
815889470272651264
825197407482679296
1335920690
799555146
2382193352
1014880762091302914
500469627
854143099802492928
988405065869230080
2520365540
1044167967657926656
1233372476
1044187620954103808
857909520789422080
884896187010002944
529144359
93496918
908566277253324800
1593338630
389871702
1039473354900533248
1045614262851235840
2580368436
215079857
3770310493
994062043983556610
3010085773
1373737369
977815590776619008
964296299783729152
950334269372563456
2854080962
1024594658133852160
993508304797089794
146332903
897717404654030848
929931481165656064
998368964743909376
4371081443
905388077211721728
1039336085040455681
1321857625
907981818489577472
963793406848741376
4880558135
992313814770069504
965219986313682944
1017814898993033217
736957453
3320822432
961591288993689600
263492271
916236511367983104
955232791481823232
973600506084933633
1035542804875816960
752721067966205952
940470330711146496
2609601144
793408383193710592
98031440
715914823167442944
1022450204254003200
800582183626756101
1033532492349730818
514145588
2897302987
367671660
1028625319387787265
769162973575196673
945157990050512896
1043367390052999170
3079909189
281095501
1015895552901312513
988719094294757376
958622925040439297
224096517
269709599
796243642830581761
968036842716082176
1039147679782039553
2175290059
1038002568838840320
1033263361943715840
1652447198
910352669889482752
788597749914669056
115683295
313627792
816295414534000644
734572528065077248
52923402
701704341187485696
2150226016
873779053282467840
1040280439565385728
914388753031897090
994758677314682880
2834704890
1028510849583919105
4530451
136691548
753086607549489153
775484029638356992
958700924356124674
845643680912322560
1041252885445566464
959639602708455424
332545162
707525475141156864
315449383
715890119920590849
765809545247617024
762212603686813697
20646409
1040591442060570624
1030714596053536768
910420977900597248
702883323002036224
536936308
959659700915617793
4689207632
846344212836605952
1037992113521061888
245790098
1029614638067937280
1033952667448438784
2831601488
117793879
977242508286615552
3306127219
937949607987879936
261608965
4659302719
866390832437272576
1021605518178041857
1011836228474245120
3524969894
2868437833
266547080
173437759
936124356538785793
838712083457855489
857017058629828608
778881891994697728
865791690157600768
830754220785537025
948321452956164096
998921956966613000
1038620975321903104
1034362394124869632
794701682785406976
217656348
972673439017312256
2337616069
3170720856
758887116298256385
3234643962
1036594572749463552
374621702
749098908463165440
831267330738966528
1522017740
786738154925494272
1016879065611923456
1032969445050789889
766172257056096256
2804712042
391396332
916641658619301888
771800145704783872
1036788301523386368
1031803852192808960
2893751395
4363521
1036232959202750464
986854604884160513
1010768893688758272
1026133247493791744
140367939
110433342
840245778
602904575
69220490
725718871232008192
1034012736915525632
1025578621333692416
991244952481890304
1034733569476677632
275077059
1033206785581015041
213114226
880187219276742656
1009276972705255424
42214357
4024611
274285312
732893502732795905
951662085540163585
2222516719
934619153062805504
1013648395980816384
898988179427966976
790259376095367170
1002397331021393920
966926566096695297
918331267350794241
2825874914
902829356841451521
993000889710329857
778564322981060608
267117239
3296590002
936824926077468673
69273221
1968179293
1001020192267190273
931533575459020801
997165203530788864
715422608112508928
2994398670
924317871466885120
812590384320651265
933306200241840129
729246470826655744
987242203603857408
99547153
1029742119231995909
18868144
793261889526431745
1027098521961295872
3346612332
187122753
145788164
914667743479193600
105727738
748522940925259776
1025234265737318401
1019539869733797889
1013696311655215104
1024443538560303104
1075814052
3696526932
947799310078377984
1026821574890930178
4045508420
1324835528
1009800215484817408
968076319526305792
897437045051736064
1014343889996603392
925870684223369217
767205311320985600
230616084
1331317003
1011167813103333377
988569236971778048
26735842
957788504192303107
894613155564867587
963237965282426880
995513989353426944
3221305939
833671153658912769
3293192659
983950384325476352
119390187
2607170287
1014683855721123840
976020881263636482
965183224962953216
2852364264
914067815887290370
912546485551562752
929356820631527425
1652784230
990630603165859840
1001073073372643328
775762356907323392
895217458893602818
984627881178312704
963260714394648576
1002856707117072387
787893423533469696
774082398225063936
993347344555917312
925606733711413250
979584919868342273
964799875291295744
968730790447239168
951473853753995264
875875786082799616
802833896811282432
968472150951645190
3041323334
112832618
972036612736434178
259488948
811788086753443840
898750491118587904
90397067
952833746993954816
878200613879795712
818464700165824512
2291751450
3048780284
925630837147578368
958715431576944640
3724207692
1004359728669966337
924266917774233600
1329177666
902588063829729281
959684224948174849
716606731669807104
2370609253
2811171698
6414852
851386257900879872
873008568265449474
828924206570037249
233332567
949626767869820930
955078642882691077
940899643260620800
997683080998486017
954687487749705728
100504417
903383562061201409
945177282116599808
900264818631884800
898192832065708032
854977467055972352
3299231900
746516388638953472
897727678899507201
1010880419259080705
1007623008377139200
984654075961552896
953834245948030976
942159038472536064
892005105398038529
3280403120
282022830
68995000
969959217456009216
990391548972941313
1006209471121510401
807195657739980800
883320447835688960
1480030928
748821344926568448
910770230174953474
953549094701621248
1006172517688414208
1004772550159695873
1383927296
947643521455890432
834950088879308800
174668125
801928181536043010
3191433672
923364971592826881
958687318507794433
972470098295365632
979597255941414912
793109314864943104
705280897998716928
926116691775438848
977116339616677893
774428557023903744
109774195
958461098725842944
2836276548
841933056286044162
757182163099918336
175743717
945263328359677953
1906290290
960331364389175299
906981279626919937
845222281
870577165036699648
707636096805396480
2226675355
952156376171651072
2337749040
958620182372429824
1056852559
919884447515680769
350976740
948950966157459457
820374121116827649
3153012512
919445359406997504
1214295991
953137390616367105
953184866480275458
955431622773370880
952160794094874627
958235342926000128
928247053641064450
99192794
3019077180
943371628229955584
831118339783012356
3515004873
949280937665167361
955486489512615937
786127623076192256
954520567457005569
2906223656
912256278658871297
2710993122
943323402105864192
368979502
142296513
903581456722624513
951467546443628545
931857743719231488
897850305701740544
903436826588790784
174786533
889538181355282436
946046779140669441
950837368394727424
901355311872659456
3313071967
866706979296641024
903288347019272194
863683142502105088
947082919595589633
109226942
947789076391895041
947099411590475781
942390548588929027
940243971820752896
914077470286004224
927041580145434624
33923443
814820999359242240
902369928732225539
4548311773
928522384910385153
929713470840250371
4255680372
131854971
428897380
859764353259626496
941425954747965441
4583823794
266393608
148216969
3066707856
886433648265658369
847643785014136833
916582665368756225
392089665
395255018
915574244141973505
909065838442946560
739998442366205952
896115492297027584
889084065512476672
885262500932886528
884295847432732672
817795587026210821
875049995334029312
876741498330521605
752978575
1485172447
2490769849
845982088935366656
842723613325242368
818725801545695233
733006377975603200
4357508053
11445802
766889294686326784
818690229506707456
549217350
808911794349768705
809923673918291968
431336893
4836929892
4831637073
799840170774142976
781665286294351872
4554592933
786934921134604288
223423465
217834952
2215318874
1552837981
792206052972298240
753599843373723648
733134772046729216
183558946
3250062955
3055465392
863129004
2261358853
173849677
388011467
707833518114484224
1348464378
1220398466
2917042427
707165748624367616
704579533949669376
1574623447
760357944068190209
752850719829401602
427457560
724635926186483712
3321989810
4702144643
702451621825896448
715107661264527360
982321626
3318317640
1240159878
341822157
732862021268471808
4700269484
737693227143155718
94593005
3139974493
338410360
3140163168
731511337948319744
916256089
730103868927795201
1509851946
1171640144
715605406198796288
3044108463
4224325272
4735605078
332193507
626489198
2248062396
1179750523
1428270330
1610522846
3052015561
4146158840
2940662954
4152755592
1906199352
1900029595
3977765237
2445018326
396532025
564390038
3581710212
2463074155
3170922637
1248128528
621055830
189663880
3326625822
96262657
2811191574
3255726948
2918271001
435115295
2907788480
1240916233
1385500897
1634698285
3245247091
2901051882
538979201
2425411994
3141403471
2362591357
3049532282
3040598263
1321670024
2162269004
519324451
3036423336
1746091824
1637657977
184425928
2866874797
1918706406
2392745832
371032011
3142966248
2842902122
2389696158
197052843
2960814632
875049841
2946188317
2590575655
2367953676
2923298328
2181390200
2791880380
2910576290
1094051154
1680184572
2854053212
1321775425
2577596960
2615434027
230149277
2840909707
2430075540
2585169977
1214183347
2322832435
2752048784
2540933544
1404657974
435680028
2532459694
1343227297
448629921
2406811152
2664680780
136268422
2786539069
1324389398
2781233522
2772933188
964040498
2547898130
2614925222
2748488491
2748485546
890259493
1898673368
899595313
2529709285
2476990550
1562346505
1685124548
801751549
2480819864
2394529219
866133534
2378463211
2354357190
2359212800
2394406788
2691937818
2689234592
2678890008
2160335934
2349572532
134793073
536134722
797828966
2446356854
2587242632
833661901
1365817808
2208937819
388051823
2474905568
1521180474
2250068647
826277383
1115947266
2464590457
2469305642
2489225034
1126172648
2538299874
1333193132
453979441
544194286
469922278
2386033452
752986424
2219302706
329362084
1282817857
183604421
264787009
518383398
240730633
510389811
1028334620
958920565
485506000
1057698049
261201862
410452781
2361045648
1577335014
2558442607
1298901042
502739236
752979582
2479728925
2545369430
2527777052
2397326186
2241080028
399906458
1576463179
732303757
549003812
755100060
353821069
818961572
535235754
164474471
99608819
752765472
167329272
113902762
335189286
563646483
117260788
428814848
265990509
106425866
943645154
513148708
770896446
558557046
