1925057282
307990776
1198570396900970496
1205324543226605568
785847387793289216
1312983371190943744
191103296
338988203
360408264
21056263
137840559
466590115
970283492155117569
2555594118
1112284534291087360
1298235046541668352
1133606287260807168
1103588995877888001
1285069641115561985
1259770926624673794
1327018584
1328757152
1322210575
69585987
1262588327598804992
1262638966974451712
75431202
3900321
154783037
18296912
82873892
1093094803120676864
4037021
29161636
1468471
1223106606591705089
1115536482867994624
1237930475877847040
221620289
1174141220861272064
1044994271642673152
1213835374486667264
1262727183438450691
133375289
1322192708
1272042132677652481
74756644
1162836611404652545
147863851
988037290751475712
4145791
69294288
847047630
1215919395890851840
31291513
149082861
62141271
133273789
147794218
1237974363611090944
411179638
1033231178382229504
67656229
754335051093946369
1133643444201578496
271998262
1247357094002479104
5780402
107679891
108758445
2449619065
1166698648563879936
3494221
89089839
49238231
1168160882683084801
837278846
969574199621689344
6053242
26984628
5887472
1199565399995478017
1207273703064494080
21632227
1186820929856233472
14244221
272418540
105467487
709330266297241600
229837042
1209771655418875904
458337905
1146428763334299648
1135807804705345536
14928935
85802470
371291226
1198071693392195584
162692298
1091720304437583873
1169468206840336384
2445138650
314602818
47312518
10156552
82597187
1190092133828415491
1903667503
77477744
3003553153
1079007444443877376
3317925073
845961568651116546
1035362082915381248
382604037
3246773828
2265428934
239016882
24129868
4221591
105317490
78355667
1170880557003100161
212121451
150025309
1044080264199061504
943727225274187776
3061280370
70564634
849961781715914752
1129928738781650944
3053384858
2736036679
3165183024
6727232
64733229
1025186130172424192
73332845
83571659
1130738576293949440
1126397289252016129
3785111
378361293
1150974603302453252
2258585234
2781896316
1129749700607766528
